IncidentId,EntityName,StartTime,EndTime,EntityType,BGPDown_mv,BGPDown_pers_1h,BGPFlap_mv,BGPFlap_pers_1h,BGPGlobalShutDown_mv,BGPGlobalShutDown_pers_1h,BGPHoldTimer_mv,BGPHoldTimer_pers_1h,BadOSVersion_mv,BadOSVersion_pers_1h,BgpDelay_mv,BgpDelay_pers_1h,CPVPolicyFailure_mv,CPVPolicyFailure_pers_1h,CpuSyslogErrors_mv,CpuSyslogErrors_pers_1h,CpvBackup_mv,CpvBackup_pers_1h,DefaultRouteMismatch_mv,DefaultRouteMismatch_pers_1h,DeviceDataPlaneDownBGP_mv,DeviceDataPlaneDownBGP_pers_1h,DeviceDown_mv,DeviceDown_pers_1h,DeviceDownFlood_mv,DeviceDownFlood_pers_1h,DeviceReload_mv,DeviceReload_pers_1h,DiskFailures_mv,DiskFailures_pers_1h,DupDeviceName_mv,DupDeviceName_pers_1h,DupManagementIP_mv,DupManagementIP_pers_1h,DupStaticIP_mv,DupStaticIP_pers_1h,DuplicateIP_mv,DuplicateIP_pers_1h,DuplicateSerialNumber_mv,DuplicateSerialNumber_pers_1h,ExEraseExecutions_mv,ExEraseExecutions_pers_1h,ExceessiveSyslogs_mv,ExceessiveSyslogs_pers_1h,FIBErrors_mv,FIBErrors_pers_1h,FabricDegraded_mv,FabricDegraded_pers_1h,FanFailure_mv,FanFailure_pers_1h,GraphMissingMgmt_mv,GraphMissingMgmt_pers_1h,GraphMissingSerialConsole_mv,GraphMissingSerialConsole_pers_1h,GraphMissingUplink_mv,GraphMissingUplink_pers_1h,HAFailover_mv,HAFailover_pers_1h,HAIneligible_mv,HAIneligible_pers_1h,HSRPStateChange_mv,HSRPStateChange_pers_1h,HardwareErrors_mv,HardwareErrors_pers_1h,HardwareErrorsSev2_mv,HardwareErrorsSev2_pers_1h,HighInterfaceLinkUtilization_mv,HighInterfaceLinkUtilization_pers_1h,HighInterfaceUtilT0T2_mv,HighInterfaceUtilT0T2_pers_1h,HighInterfaceUtilT3WAN_mv,HighInterfaceUtilT3WAN_pers_1h,Hw3Drop_mv,Hw3Drop_pers_1h,IBBandwidthSpeedMode_mv,IBBandwidthSpeedMode_pers_1h,IBCongestedBandwidth_mv,IBCongestedBandwidth_pers_1h,IBLinkDown_mv,IBLinkDown_pers_1h,IBLinkErrorRecovery_mv,IBLinkErrorRecovery_pers_1h,IBUFMTimeDifference_mv,IBUFMTimeDifference_pers_1h,ISISDown_mv,ISISDown_pers_1h,IfOperStatus_mv,IfOperStatus_pers_1h,InterfaceDownDuration_mv,InterfaceDownDuration_pers_1h,InterfaceUnsecured_mv,InterfaceUnsecured_pers_1h,JuniperSSGStateChange_mv,JuniperSSGStateChange_pers_1h,LPMUtilization_mv,LPMUtilization_pers_1h,LdpDown_mv,LdpDown_pers_1h,LineCardDown_mv,LineCardDown_pers_1h,LinkStatus_mv,LinkStatus_pers_1h,MaxprefixExceeded_mv,MaxprefixExceeded_pers_1h,MaxprefixThr_mv,MaxprefixThr_pers_1h,MemErrors_mv,MemErrors_pers_1h,MgmtInterfaceFlaps_mv,MgmtInterfaceFlaps_pers_1h,MultipleReboot_mv,MultipleReboot_pers_1h,NGSDuplicateStaticIP_mv,NGSDuplicateStaticIP_pers_1h,NGSvsLLDPWAN_mv,NGSvsLLDPWAN_pers_1h,NGSvsLLDPt1t0_mv,NGSvsLLDPt1t0_pers_1h,NGSvsLLDPt1t2_mv,NGSvsLLDPt1t2_pers_1h,NGSvsMSAssetName_mv,NGSvsMSAssetName_pers_1h,NGSvsMSAssetSN_mv,NGSvsMSAssetSN_pers_1h,NetscanBadDevice_mv,NetscanBadDevice_pers_1h,NetscanLinksMultiple_mv,NetscanLinksMultiple_pers_1h,NetscanPayloadAlertPaths_mv,NetscanPayloadAlertPaths_pers_1h,NetscanPayloadAlertPodSetPaths_mv,NetscanPayloadAlertPodSetPaths_pers_1h,NetscanPayloadPaths_mv,NetscanPayloadPaths_pers_1h,NetscanPayloadPathsMultiple_mv,NetscanPayloadPathsMultiple_pers_1h,NetscanPayloadPodSetPaths_mv,NetscanPayloadPodSetPaths_pers_1h,NetscanPktLoss_mv,NetscanPktLoss_pers_1h,NoGoldConfig_mv,NoGoldConfig_pers_1h,NoSysLog_mv,NoSysLog_pers_1h,NonProdWithProdTraffic_mv,NonProdWithProdTraffic_pers_1h,NtpError_mv,NtpError_pers_1h,OSPFDown_mv,OSPFDown_pers_1h,PfcPauseFrames_mv,PfcPauseFrames_pers_1h,PhynetFCSErrors_mv,PhynetFCSErrors_pers_1h,PhynetInterfaceErrorsCountThreshold_mv,PhynetInterfaceErrorsCountThreshold_pers_1h,PhynetInterfaceErrorsPercentageThreshold_mv,PhynetInterfaceErrorsPercentageThreshold_pers_1h,PhynetInterfaceFlaps_mv,PhynetInterfaceFlaps_pers_1h,PhynetPktDiscards_mv,PhynetPktDiscards_pers_1h,PingmeshPktLoss_mv,PingmeshPktLoss_pers_1h,PortExhaustion_mv,PortExhaustion_pers_1h,PowerSupplyDown_mv,PowerSupplyDown_pers_1h,PowerSupplyRedundancy_mv,PowerSupplyRedundancy_pers_1h,ProcessShutdown_mv,ProcessShutdown_pers_1h,QCHardwareDrops_mv,QCHardwareDrops_pers_1h,SNMPHighMemory_mv,SNMPHighMemory_pers_1h,SONiCErrors_mv,SONiCErrors_pers_1h,SONiCSNMPHighCPU_mv,SONiCSNMPHighCPU_pers_1h,SONiCSNMPHighMemory_mv,SONiCSNMPHighMemory_pers_1h,SSHReachability_mv,SSHReachability_pers_1h,ServerPingmeshPktLoss_mv,ServerPingmeshPktLoss_pers_1h,ServerTorFCSErrors_mv,ServerTorFCSErrors_pers_1h,ServerTorInterfaceErrorsCountThreshold_mv,ServerTorInterfaceErrorsCountThreshold_pers_1h,ServerTorInterfaceErrorsPercentageThreshold_mv,ServerTorInterfaceErrorsPercentageThreshold_pers_1h,ServerTorInterfaceFlaps_mv,ServerTorInterfaceFlaps_pers_1h,ServerTorPktDiscards_mv,ServerTorPktDiscards_pers_1h,SnmpCpu_mv,SnmpCpu_pers_1h,SnmpLoopbackReachability_mv,SnmpLoopbackReachability_pers_1h,SnmpReachability_mv,SnmpReachability_pers_1h,SnmpVoltage_mv,SnmpVoltage_pers_1h,SoftwareErrors_mv,SoftwareErrors_pers_1h,SoftwareErrorsSev2_mv,SoftwareErrorsSev2_pers_1h,SpanTreeErrors_mv,SpanTreeErrors_pers_1h,SyslogOutliers_mv,SyslogOutliers_pers_1h,SystemUsageHigh_mv,SystemUsageHigh_pers_1h,TCAMAboveThr_mv,TCAMAboveThr_pers_1h,TORReboot_mv,TORReboot_pers_1h,TacacsUnreachable_mv,TacacsUnreachable_pers_1h,TeamdExpired_mv,TeamdExpired_pers_1h,TempSNMP_mv,TempSNMP_pers_1h,TemperatureErrors_mv,TemperatureErrors_pers_1h,Tier1TrafficOutlier_mv,Tier1TrafficOutlier_pers_1h,TooManyT1sDown_mv,TooManyT1sDown_pers_1h,TooManyT2sDown_mv,TooManyT2sDown_pers_1h,VRRPStateChange_mv,VRRPStateChange_pers_1h,VoltageError_mv,VoltageError_pers_1h,defaultMTUSize_mv,defaultMTUSize_pers_1h
3890,0.5328751447718295,0.6646560097427149,0.8836722172496998,cluster_swicth,0.7135113188656963,0.43581214987599537,0.08216515483973896,0.27495181231821175,0.16915648000636285,0.5980023851760301,0.9651885629838771,0.33031327819555045,0.035222490985088895,0.8521547772978363,0.6311540153196422,0.7394455989287965,0.5013317286495351,0.8840398701967205,0.1563550947563478,0.08408552863382057,0.4634070048462371,0.4348395913501236,0.8948345357891049,0.7577516265424948,0.3652592047200036,0.9125739337591485,0.20272931809284256,0.6343324651460204,0.6778757521951606,0.08994543687370327,0.10340322479649877,0.31466703135705265,0.4063576401835679,0.7837199369418668,0.505456441196954,0.6431467582745073,0.8703803248144248,0.5576300522714265,0.2780983605325681,0.2748687718446413,0.4319221091621097,0.7315147824987802,0.9779669712417848,0.23571552159970421,0.34052655222546346,0.40287752076595484,0.3278983070649192,0.6246524603137094,0.5397357435897285,0.8253508180626593,0.5252661671892762,0.7827917613330124,0.47891759431105607,0.880937729163892,0.12733799488473363,0.867013439830877,0.7615579394748331,0.2028360121884889,0.09353526133489942,0.9506757459229395,0.2723897062910271,0.8657643641433185,0.9508789241449729,0.6697081366786767,0.3673055156816364,0.13223547881729758,0.26093199659732813,0.013949288172508068,0.2979716567941548,0.1947972713192614,0.6207000150625117,0.12941341614452584,0.47143628210538735,0.37002362008028933,0.890303442747629,0.37252600599227015,0.3318213005742022,0.6838150176270232,0.5568538186752547,0.005786936520765784,0.982762161191413,0.8446591022391382,0.02145039426593187,0.5751079444211098,0.721358288423672,0.948741084959763,0.25895872462169967,0.558275702735083,0.7605035130520572,0.11400720787023322,0.027817416066554523,0.7900684251503067,0.4661486259351326,0.06506718987156235,0.8494692097050264,0.14926576005841752,0.1604548442552609,0.6495072797791576,0.5578453864264561,0.9660358843742444,0.39991326997334486,0.22310030581282358,0.5791286511779326,0.307704696999035,0.08641924625809738,0.7704745003685385,0.2287971919987094,0.7649184288184262,0.8715429347281729,0.11463686891155922,0.5984825140928798,0.6995596720310273,0.6802384524718288,0.64073336757431,0.1736702607327969,0.53837877291792,0.998170671185683,0.88108969949742,0.957239425093224,0.021847736605210222,0.37071992756165895,0.20616600426581078,0.767445038304976,0.14873126958356397,0.5967810314084612,0.8440918545788294,0.6769069061761233,0.1540627158036464,0.4004023479401926,0.9209337882709998,0.98134452256259,0.10747864372518812,0.15052520289502014,0.41983426598390117,0.2709453226519092,0.21542937179921806,0.23208475755077707,0.46321866694121216,0.8221609721450794,0.006259710534190499,0.47935518062052906,0.9102617363491258,0.8243439344314332,0.7066227499919852,0.3714414504647605,0.1432464994226016,0.21317342316120347,0.09357313134726897,0.3222292557440606,0.7317374319966989,0.0877719597653338,0.8137831827193934,0.18106850650786233,0.8552679261403031,0.20769692847149102,0.2397324144981905,0.6269724831193897,0.19326069540727375,0.7934970543964706,0.9079895127752472,0.683697738044266,0.8876321199524099,0.9992119425969901,0.6294387294519758,0.7748447576891683,0.6942350640397401,0.669697303720765,0.10875713891270322,0.41018467773570055,0.6313996009376996,0.8317411618254851,0.8112073857699656,0.4050229907031573,0.9009880942185017,0.43206702726038704,0.45931796680028325,0.7569406065874188,0.6713484970785508,0.2633675371001566,0.00871336515246024,0.26961461867842185,0.2449478793395704,0.041671393016529334,0.19239143672399595,0.7051744056237685,0.8021556813788145,0.44666349121947324,0.4581791624139627,0.33581617777522854,0.00411264647622378,0.5006232546258411,0.2039430347458554,0.55919791847666,0.15022697880046076,0.798104768004844,0.40232976830467126,0.873166247594348,0.5830324168863593,0.5063960041880696,0.9190740192044964,0.48109590226157917,0.7085213231353763,0.13726480948083108,0.25891565487741075,0.5347035095920495,0.3740256769493455,0.808834309991981,0.6666738090069666,0.8864251649916434,0.536217538914481,0.2192187674564059,0.6235811725719472,0.27450679156353364,0.13489938396901258,0.9815328586406362,0.5604627430927946,0.30610661828098706,0.4608808021048365,0.599597856771017,0.5858577390735437,0.8071948468322917,0.81171513650127,0.9147635994049028,0.6471734822105537,0.12799502212776015,0.3180671498961969,0.8730746758835025,0.5932644230972087,0.3075190280462039,0.23693310303589343,0.8129629273288387,0.20541369005091226,0.612500432471826,0.7182660586155085,0.4893161590633679,0.14772994795705896,0.42711680880094616,0.6561466795899622,0.27870282866172036,0.9710457001164602,0.28310003255239546,0.3097535256666645
3890,0.620061680844544,0.7862016954614217,0.2558526761640273,tor_switch,0.14756738391125168,0.1508693310287269,0.04727281500714464,0.9984754830413759,0.35040070166036186,0.7635150298021954,0.2934561470487893,0.9924279805660301,0.45670549166755037,0.5050332372072334,0.465258605462166,0.9797297738873839,0.6315023888949561,0.1388318901765091,0.2592911144632204,0.5301069430255022,0.3178471801324142,0.9160744208028083,0.24162189899757802,0.7060307814103762,0.4748267132927739,0.24734369052843996,0.7475841255748835,0.9203400798038925,0.20297583573450584,0.7249711656375194,0.7953118236110638,0.8793006559320709,0.12107317639952009,0.4492070253608661,0.7662739202560319,0.23071608056017767,0.26876649494076144,0.879452407430256,0.494663476147737,0.13237593375838175,0.2919526215081415,0.524749047470925,0.3291240412232207,0.3198416939237603,0.8010826660559138,0.18127373442655392,0.14644287184620342,0.12391151257089084,0.46515701271578946,0.2049569449155878,0.06637988100154302,0.4988571459854094,0.8583941416784182,0.1182844236267141,0.17109289961418295,0.33113830868559646,0.15880103268034984,0.06830792816531006,0.4145541263378584,0.12505661168736837,0.011287021478970205,0.5183338054020286,0.08651753705726706,0.110517742200129,0.11712857602350013,0.13560138396281463,0.19298926734767663,0.6649400897871546,0.07167690387009218,0.7569989810520286,0.34321080383966784,0.1958420146875658,0.35801038891240744,0.15789733467054545,0.013923460799438514,0.5109669887655915,0.6687379810532665,0.40720581073008344,0.8753329596902308,0.5374006800895337,0.3071851646482071,0.7363907296125569,0.7159119428521403,0.37027978357729174,0.35871934346991796,0.9394725207617506,0.11056418949708546,0.175201328316262,0.11523400670608541,0.7620979730815072,0.5856035411323486,0.46669359876238503,0.453140505936487,0.8340499326500799,0.20576899793440995,0.688045612399036,0.719601193069225,0.9302966833769869,0.004554035781372812,0.1638358334720792,0.5492076261925536,0.44743871299437543,0.10926356171952922,0.632842700822288,0.30811543841365574,0.39255276084346213,0.1421512176279739,0.6430171760824867,0.6220203326804565,0.6870347385019506,0.534537982155576,0.9094185282300012,0.35307718592894866,0.30873820859883294,0.04130438923689339,0.7423393645452333,0.24545631228578568,0.3560626311736753,0.9939843888654389,0.6752136003674402,0.8370169538313417,0.26106741798379995,0.06933879816645538,0.5593911705692681,0.6770940218101967,0.40129859641811183,0.9784600006072435,0.7986188160923064,0.8897099185884642,0.3832961363601034,0.6555416245593619,0.0716129559650609,0.5338177326581387,0.21817652468070714,0.45959227325112306,0.1741534189200067,0.6056821638441151,0.5623507302390578,0.7717872721047361,0.38418571925310774,0.2279340953877298,0.5453346157213017,0.9443525443908642,0.25082986377457683,0.19125616799286194,0.2192227045210755,0.9390348820341946,0.45475340319902025,0.13025965968583197,0.7189207848740785,0.1934539415783183,0.8676502684107237,0.7044616132879953,0.8898731481889366,0.7796899215622103,0.4259769772070109,0.12803507092126298,0.6297905338659738,0.23348153693775153,0.4111175188583315,0.5651461143308902,0.9340823603530871,0.4975267166001731,0.4620240708786456,0.1994443607196229,0.039231817944423875,0.2614053097185841,0.8649579203511963,0.15166837369156327,0.4625771297738721,0.26383384920185826,0.0213021320913096,0.5677402005053263,0.5102784720789332,0.9334396517587382,0.24039449399163682,0.9141144800784187,0.6341364628090792,0.6020924407549573,0.7623248744609902,0.20597554522853656,0.5545303638921407,0.9510956567961403,0.5645032512443705,0.41350853175903834,0.48806975285618803,0.6729877529139655,0.7120112512266434,0.989769818159661,0.5638866365636963,0.191814239649571,0.7962049434397677,0.5220897734105011,0.1617231458147279,0.535362536283836,0.05178888285545591,0.7889586869267025,0.6439431685487256,0.5285337270294486,0.7375525965100432,0.5938649876283103,0.41404464264123064,0.6091177606224658,0.6263112718505585,0.09830856259357024,0.15336430002647594,0.6195168041137937,0.40295458634699377,0.5431063035034088,0.4608613026844345,0.44844309962678275,0.15297912245337686,0.40378539390128143,0.6734882862572379,0.3942082563537921,0.46823863632360463,0.014530280398552864,0.5779331739318404,0.7170811368344036,0.1126705274950669,0.6970966410224896,0.7302523435937587,0.21610267673149042,0.7948425473242167,0.49790313923825147,0.10803620739011865,0.8549052821077353,0.3229831688051309,0.8999758780493942,0.477346718009677,0.6865979394674345,0.6703383553074569,0.5533069235298592,0.39253085551933353,0.0726239927427238,0.7642046950863981,0.2385955590187534,0.4770319517146776,0.691365516376497,0.7521671710793953,0.15975296710738185,0.22628808503487519
3890,0.17428982859144926,0.6837287743514026,0.41828503510191795,switch,0.22234562341448805,0.8701913687108425,0.9737407633149439,0.3262336913857806,0.13684827957829326,0.2990306820079045,0.5040847798947701,0.26218466060204015,0.07745920575537857,0.6661260307317511,0.4645304069256466,0.3444047049547301,0.5388420955890972,0.489245191257929,0.5033179462880876,0.09429393244859319,0.9549869584210331,0.9574855283972044,0.38032199367254815,0.167953995917977,0.43636260318104414,0.9685279992078544,0.5314960127519024,0.40771102748415566,0.5306559575132551,0.38651999157681993,0.1988155832141284,0.3433354693854124,0.7502258453438265,0.7652077836631339,0.29742348950105124,0.5171475828303017,0.6105617204715401,0.018894612978895053,0.07876861114137657,0.9001666296646196,0.02121611355097963,0.5431228016471709,0.055160752479840314,0.5945473139141644,0.3643990935211131,0.07257518099254756,0.583388177485182,0.7328490960157663,0.10869131719101466,0.04981357033276845,0.2802099085498705,0.2467750829381995,0.971278474598408,0.11254314336043991,0.6754073272360708,0.43836663748497906,0.48055293645141495,0.42621306236706236,0.42907306332973316,0.46338916994607504,0.6031619727588688,0.6276094820408542,0.837218307057014,0.7292565739752512,0.30618849103030965,0.6796944633782327,0.1771083082209487,0.011248057287121416,0.9099573994478842,0.42681426920248156,0.6005145812365801,0.6571673698866088,0.16653548248455663,0.5644026554023558,0.1689861337248162,0.7624159753534852,0.77785092577037,0.8060352737220199,0.1139179531864134,0.653230433253231,0.7895313643124795,0.4584290043437814,0.39152834381252266,0.4270918637207666,0.0661385536895488,0.6408629051077142,0.9816803753637776,0.4552363935292475,0.11633857683217741,0.2955685261820591,0.7648697271135093,0.6758911917294115,0.32851873183790037,0.7182208441868836,0.7512455010478355,0.8103749132491044,0.25719046373056775,0.4320369989352131,0.8206729522225392,0.49114501422783696,0.8836185282727029,0.5244149437452722,0.9170711526992428,0.9544936647087356,0.3626574934708068,0.8542273132253466,0.924752604838629,0.5109610138548697,0.8545490929085087,0.12152441914094869,0.8985315225573711,0.7016690433976045,0.9583422820488252,0.37310823203093013,0.13090454750090874,0.4064886040514122,0.8480659626001478,0.41561138436284073,0.42085512579008244,0.10137118336170658,0.841191483998957,0.11774379233114429,0.6086971133726131,0.1012999638596348,0.8981287002220226,0.43454652841037344,0.09739203050960565,0.9321437453198999,0.8713073511939737,0.3629551751034237,0.7728244848585056,0.6693731284113011,0.1479291720561985,0.748478752525265,0.5306668124539684,0.568037135217533,0.48157671910433564,0.22836995888362166,0.6145055181743079,0.6205179401836646,0.2003505865208991,0.6950770831528149,0.952657784929423,0.05751805252011599,0.5243844141461677,0.3281510327651005,0.6128025938475371,0.8274750878274313,0.5866698088572724,0.9528895178390969,0.2863281446375697,0.9865497572254939,0.09035839239512378,0.1267873923431163,0.6746399602638453,0.9843951611790617,0.4128507804055923,0.47489469703149156,0.47952300144037563,0.4595722479247413,0.6498114593044619,0.4339108819646982,0.2709247027465227,0.35318563586658347,0.251391048400476,0.28780884065008794,0.5562933278509293,0.15128072052646124,0.987799755642603,0.5275037914963028,0.8124543854315508,0.8904721941556896,0.804237798125888,0.8383269853670867,0.7262126153671661,0.4026721712551574,0.8260615611325232,0.8263426452895526,0.014974259116728228,0.9223818388381302,0.8544567621464221,0.5538916976265943,0.9699930906013808,0.6946049852805252,0.3598120104190461,0.5473867584031344,0.3314562451958123,0.20371504070876556,0.9603032753361259,0.06227532050827489,0.807330658619176,0.5946879512655976,0.2272390237169769,0.042908560935851825,0.5783260515249253,0.03134014473853175,0.4940614872044291,0.6480801567893033,0.2882262897349197,0.523922537751834,0.7766734033541713,0.949218855568889,0.7697057018563568,0.2988425845699052,0.34719958439896537,0.7956182570730711,0.26616074300785697,0.7014579206475786,0.7691808477673282,0.8690495482396763,0.7463783906599426,0.17930636055709703,0.3399644609287138,0.2106982744992092,0.3016056515137956,0.8302796222538528,0.002002702050256877,0.8429912901415061,0.8715262118096699,0.3580791830034933,0.8490071558404186,0.6116669586134317,0.019655834918978377,0.6834285551447573,0.5055954749500156,0.39679527969048745,0.6112090282476168,0.023698824966841503,0.5129134997085776,0.17434284136136047,0.11494524226131586,0.6972184416713101,0.3743219290380525,0.21677747303561745,0.5207035698693154,0.04852280743929682,0.9639412429960159,0.005147725666930669,0.525807886094729,0.4479219776088674,0.6362580713225906,0.6434408987325354
3890,0.5848066053906062,0.43582722086833003,0.42523196271734176,switch,0.5701471143517168,0.782296537558629,0.503828474395159,0.9102203319530773,0.27117190742758046,0.5812101584296087,0.8004628172637626,0.7184499619178042,0.8184743572232567,0.10630650206143688,0.7983227736421116,0.18570023665002144,0.5596912587880316,0.08760246980879194,0.33607787719986104,0.8772599245229203,0.010505211408462056,0.01595849242889391,0.96530219861374,0.7204529835404128,0.12933551385199815,0.9986266438460653,0.7268959766174721,0.3811628916129769,0.6609479908353889,0.9433028340303299,0.9918324166467645,0.012675597860626553,0.3758100364051583,0.019828981705853232,0.27210994320297766,0.804878146010461,0.1488044239695323,0.6276080160288827,0.2323306348308497,0.37993778103629205,0.8990642685599669,0.6012443940191378,0.9588590189556822,0.5645929881874862,0.9490615356490402,0.7500935302646073,0.6521915998045233,0.5915529609367315,0.15187474891618613,0.09981575377937535,0.6062398129919526,0.8538318474965892,0.762398341970256,0.8282001870443336,0.25129373580099124,0.623787803922766,0.29603891970075247,0.7551551304136838,0.9451759924488304,0.2335839712648281,0.5052810790416048,0.868550328598593,0.4233329244872248,0.7766071596856368,0.2498261990484485,0.29243673713161056,0.9306658643488224,0.7974669911979043,0.9437736182687155,0.5333488213786063,0.448087754792979,0.28212759682614796,0.3648838403731399,0.588803284845844,0.8241226184966945,0.05019939187649736,0.9073492286663901,0.12736665457681373,0.9437612610211554,0.3205340681976072,0.07529243277601494,0.29505368890811956,0.3161466162933485,0.6261704727459384,0.6921348875977311,0.7363406983509765,0.858900109621365,0.9848185921109798,0.48358142360818346,0.6086459991062658,0.17257469829946015,0.8989709506751397,0.8676172095664161,0.25818943651326276,0.11472125920191456,0.7488018964230236,0.612291598146696,0.44305129907902185,0.038279801090357446,0.9928578869046273,0.35768223217322304,0.6634694641689862,0.25695829778995505,0.15738668373390008,0.7265164163296676,0.19279398864608,0.8609926329924728,0.7881130057888336,0.5832320606098392,0.5536062173868624,0.7880170172092051,0.19421734731754547,0.827830520711395,0.8519496500942713,0.8724400553127507,0.21168419357980062,0.6367701363578055,0.471342955644384,0.16842448696392232,0.44007381314859617,0.4289598816284701,0.3613937010846985,0.6746725759770559,0.9230091067352033,0.204691440344147,0.22845699244407025,0.703197371751279,0.6957348858457,0.3119012263425974,0.34557514268862133,0.6281321305361676,0.6725522845939024,0.9638594290578194,0.5441247702989246,0.4941328126307205,0.531653109317944,0.9323227645633239,0.509381075713665,0.843903011758111,0.8606608616459351,0.49404474646371277,0.031594618095975524,0.38948405483693227,0.9946259828502686,0.45498579618585455,0.27078830074393645,0.26164460362199515,0.9907432429364601,0.481971770079894,0.8124063631865552,0.027531978378907307,0.04197798595484914,0.4054819351556809,0.8891264976081984,0.9108273533794743,0.40544528019472215,0.5778553455972745,0.7239161830737937,0.7656187994869954,0.16800816499875804,0.9601249377956411,0.4703538154736341,0.9217436319061747,0.14767536423745697,0.11012609864853151,0.25453881338416384,0.9824303024702851,0.7000206156766344,0.3778225240704377,0.32886411925651715,0.8235736498365983,0.9137087252199037,0.6844197131676426,0.4289635890554824,0.8156462484845513,0.25399879195346153,0.915497968837708,0.45039205409753835,0.8263395314794028,0.36521043577735013,0.7446721135546712,0.38937338942224187,0.7014566962612216,0.28153705691613873,0.12632230084065366,0.07297447173922167,0.4663597359874755,0.42425789074011155,0.5099271890796188,0.643077167018447,0.27696390792265424,0.9804366609115378,0.06384905267484153,0.2862824588485233,0.28714305700824116,0.46374452062461835,0.7230918070789657,0.510556611763374,0.8596652209447847,0.9239763470260828,0.6225462167968051,0.7864297071788873,0.6601282237363054,0.8967802505452943,0.1720046434741509,0.009086872974836568,0.7426329111584915,0.2987995471210616,0.558227304741524,0.278910824699072,0.8326248656455439,0.23991963542264338,0.6111815766566947,0.6214371049976956,0.6019313692649165,0.2813180210815004,0.02060053532327233,0.9040174093494429,0.18347574558622837,0.7879752638946915,0.03797344047407469,0.911642113302607,0.11399054194764702,0.9325809640835239,0.16450759671691595,0.6312806637710212,0.7343420185471441,0.7682590360128396,0.42041390008538015,0.5324573986655184,0.8157434836498811,0.41794627549000984,0.7450638201088051,0.4074288387798378,0.03152849953942849,0.6327442522002531,0.5193680436050443,0.8956425004507019,0.21258403810529525,0.6907463863913551,0.7348248976127548,0.6918672852494033
3890,0.5615740429701631,0.29783619513757886,0.7298859235362664,tor_switch,0.15467606447075322,0.852718317987044,0.21044517225727377,0.21001755935716548,0.7754999161205965,0.472763867011767,0.6252797948225269,0.4775013620263805,0.5129766326088362,0.693277813241963,0.26324634238967104,0.004837641061667619,0.17092228253625597,0.29425765512385904,0.0015078257075652468,0.29255388100073043,0.6273440732194105,0.9447474496633169,0.7992111172288644,0.658946282804553,0.09808582392163101,0.9447597139561237,0.10082914569988666,0.2259296063385654,0.06986183677795532,0.8730369467701126,0.14023839100568924,0.6791546698403389,0.050532238278123254,0.49856486292300217,0.7039023273793414,0.8873388709568191,0.590981239401453,0.37632538919700353,0.2758270750264201,0.8160538659298556,0.05067536675265616,0.9449900307849142,0.003334017841086112,0.24644173296104865,0.45229976311753706,0.6027148026029875,0.5212919847856379,0.5766015552104843,0.9044113704866634,0.9808990307855203,0.733429054783758,0.7931354487112341,0.4379135090239602,0.668714075058332,0.3020387596340438,0.9169316687890469,0.036720644329481855,0.5690923239765848,0.7300509467925996,0.09170958888998093,0.5525803136060434,0.5324055550553762,0.637634464491261,0.6679345980366949,0.474559545433206,0.8456289521037176,0.782717793192489,0.9301200619018694,0.927230137691083,0.6995844045065901,0.7871253309415377,0.5679046080401194,0.1871595641659799,0.06061374538434916,0.6818404055141339,0.6481379031934106,0.6956583740973946,0.6495385534089767,0.5760618111230909,0.9991223280507671,0.08075808115782657,0.9205161120097572,0.8646128045115717,0.6754096952873365,0.6702900181171491,0.6614806406745085,0.24968018099883826,0.0710744086792382,0.44211680905789197,0.46928191484071535,0.6466442789785193,0.13329681880586808,0.3255663322211474,0.2642196045825479,0.45651351656822636,0.8909609259449421,0.13335843776066814,0.4853449214633876,0.32718588794198544,0.9330019424799142,0.26776042117120114,0.7563441722004168,0.15570081249913548,0.622339167653639,0.7257260827413381,0.7638983751590508,0.09032247079755307,0.9758494461294462,0.44487263208024685,0.6946837265231272,0.6788265628719047,0.5105619576747852,0.9889978540845169,0.1842762657952327,0.025151601230151255,0.6893225399544142,0.5685919023597567,0.7428990103111326,0.9687881442515541,0.5353577715352416,0.4680597694630392,0.01027412431537833,0.2847176526662525,0.07008202619839221,0.13949940488228485,0.9804515721107103,0.8541847985359561,0.5270340898733232,0.5864187842853376,0.9874486014879877,0.0048103413058486755,0.5404722792250554,0.9596713696386987,0.2611850755143895,0.904971739554209,0.40071178869544777,0.24647954071680933,0.6861210536280682,0.09562092272457745,0.4369768015885168,0.4600028724680465,0.8582079475917702,0.05846393871571609,0.18526523745639045,0.5350595000314956,0.8780489644217413,0.8505465482560182,0.27111584206758266,0.09981685433578014,0.6604470371505798,0.2701346050083303,0.8712850390992427,0.9627494504926997,0.8927368037601741,0.18964772516876238,0.6870517791596846,0.1579534649349854,0.8198492105370196,0.997787763696706,0.7519374906247838,0.5628927055606967,0.6148589082799512,0.8721424177617929,0.28646985152720683,0.06309128190279056,0.251858868884851,0.1483822391645515,0.05599024017127585,0.29629816421990807,0.4147523201057879,0.028214192461098908,0.6557011913823192,0.5060826304161858,0.25479822214441883,0.5623662006853026,0.8418399886269861,0.6355422894869346,0.33966386704880613,0.0245541312237213,0.3474086733940378,0.5786853142526678,0.5775815169868338,0.3909813861901752,0.3683196532626991,0.7429206675157318,0.42260815667930174,0.0788817407333805,0.006375485305705864,0.4472793637785525,0.3141057343103151,0.1139251496929794,0.2559866632637472,0.8906387440117606,0.6437029691723343,0.8898268569504333,0.9888305815931954,0.030302280353876943,0.4961328898512992,0.9503353049700694,0.17739459215443087,0.9579591125185237,0.6010333850725844,0.7211501847850117,0.8283213379735389,0.1657614534876689,0.634723704534557,0.15143442503501214,0.4074339691144281,0.0038906467662961353,0.919702237946862,0.7585146716999159,0.5828739798961613,0.36467190363273416,0.5167744457368723,0.5668810396264214,0.8914191826903872,0.3686755020990393,0.025227736121909095,0.2691654206939246,0.9007459254821453,0.006925963536296931,0.8457322902102357,0.990905345401477,0.842039767849913,0.05622014698054667,0.8886914619312496,0.8806026824070402,0.46645438925439064,0.6154673540930681,0.19695158492748943,0.8873888912328721,0.06303473824095873,0.3076383409596285,0.2705679202120943,0.3568813025728046,0.2666876889248273,0.44366514343374963,0.5161307130418615,0.22976208982383872,0.7849329248665918,0.7458932880891205,0.9998037554341337
3890,0.847475987175821,0.6515849151461975,0.5273520488065069,tor_switch,0.5005376451811753,0.5981245981622875,0.7042494923350158,0.7793480465596991,0.8185889225244476,0.6539112808506278,0.030541197788330976,0.06424394473332606,0.591107179976982,0.3231244520560207,0.5895599277983822,0.9774421243830146,0.14435683355320694,0.27946246930071283,0.646442751013036,0.8215622530716536,0.2882003556375169,0.27405245070509165,0.8072072588747854,0.6593251195404158,0.4741424986846715,0.6035609067566654,0.1515881573907112,0.2896205176118255,0.8458705349080702,0.043804624013169535,0.34582210008777825,0.29110189981488854,0.4848906191039045,0.8418209832972976,0.8591692541441713,0.8515567859372158,0.22379757046596893,0.8943169622408986,0.885080755012772,0.12350608159979826,0.9589077202538303,0.9748081380892918,0.8156949560406617,0.10954388767744738,0.9519629580008111,0.22780368633943215,0.2961167868707182,0.2681319520508515,0.6210549580953583,0.18979886429056803,0.4092840828396105,0.6278408569886865,0.29412189862464877,0.2785403758453904,0.9416895585165301,0.1878029872434106,0.3664082554786279,0.1231238705722244,0.6905127196196084,0.17987909500562427,0.4803692740022176,0.9842685275902717,0.6265961352222285,0.5024863877046478,0.572551267924562,0.952724949231629,0.6335774351566351,0.04997491422693556,0.7474771893452454,0.8859897811774138,0.8920608635069526,0.5371509173462247,0.6061179871722271,0.3976175423258854,0.037840637786432985,0.9117697135018011,0.4803935823373978,0.8039771772099079,0.7619772048417789,0.5660479159965246,0.9636557956626328,0.826947465771484,0.6233905260252101,0.1085660594479747,0.8776564327591838,0.19159256368731392,0.553540122614074,0.9274267408271449,0.25865929416472067,0.7342934219226901,0.9826160773397874,0.43398675060850156,0.021326934808580278,0.9379952939000102,0.07959784904372524,0.824178448435349,0.9594791624984149,0.8581132064106571,0.2180882518053736,0.4918176329881666,0.5596700226177967,0.7604914213247643,0.08495101456825149,0.9978384658944608,0.8015607541966324,0.8356011826546034,0.05204541577848931,0.7247281313270021,0.8213940195989345,0.06390533201120963,0.754973429828124,0.7158765540391446,0.7750502790387086,0.19213659188949883,0.5896320302626638,0.9227254112065573,0.6804406409853747,0.3178797877157369,0.3621521763966422,0.3498432296805506,0.6250585385360997,0.8605399565455132,0.8165728137138085,0.28873852557716106,0.621777843206609,0.5366090474291397,0.9277339843806441,0.00916607187133811,0.09380554699209864,0.32456058610687144,0.25330054963820137,0.0311897580430327,0.45831038776007815,0.9285512040299015,0.881381610267893,0.27191009207365235,0.07758044109216256,0.7016732428619205,0.26621202119255993,0.13638074301734637,0.02391246841364003,0.2774913611389108,0.345087947443556,0.7722271081003833,0.0077962746319211185,0.857577203857214,0.08955893085942401,0.6062948795795198,0.948579890435047,0.8078295294228159,0.38114438587394306,0.22802262664739015,0.5001549312639193,0.2508028377570868,0.17405533137490325,0.6097751762811882,0.2604114532863122,0.31489861785798945,0.5372833160303201,0.6514317925745138,0.5966732998013208,0.16690053092601698,0.08945111656831473,0.3508604119707003,0.012733360351199652,0.006431936230697599,0.7191562762525977,0.6648597946648833,0.45996705611011723,0.708712064384001,0.47719741996166654,0.43316855671289745,0.38135222854699025,0.04497627620694289,0.07722694280727971,0.6176147706176375,0.959643572908911,0.16732758637637302,0.2842071139066197,0.15097650413969088,0.9851620569706553,0.6101109177736707,0.5309205532565348,0.0002004083429708592,0.8451445999967371,0.0020299780219102947,0.24198034177139427,0.9350191682817331,0.001826661728148049,0.546532390547347,0.43487540545798353,0.20958603563345712,0.07373699632596276,0.10834462959342117,0.7688602788415435,0.8727281471414257,0.9527452609013004,0.075340282097073,0.22713722583716978,0.9508494711748293,0.7253962308654717,0.10645764778843225,0.18496725686088666,0.677761905895778,0.37559007727349547,0.12096021341813712,0.9883552420882202,0.05009194816720319,0.9656255050728143,0.5163107134343775,0.7364367799720677,0.1668597256580946,0.1733688163458016,0.4208634390685563,0.5702159006173985,0.40237893849394135,0.772389893098619,0.6510305086780857,0.5765396615659193,0.778874309040417,0.8433907495245168,0.506990341097604,0.3207403504258516,0.5086240172732815,0.8493210511704574,0.3481880469963111,0.415177330780649,0.6999704604314638,0.4377150638563516,0.6755963654767222,0.24565244037543854,0.5749758820927358,0.0054518537943214485,0.6161158778839702,0.20853797824426357,0.11978348668807637,0.13442245255560437,0.6772274563604276,0.7277802051319313,0.9206687021537995,0.374714458605805,0.05537435270504265
3890,0.11852416730579174,0.3646142532747483,0.20638253484996483,tor_switch,0.32739827003349353,0.9092595968163103,0.8194365797534359,0.38127164952463866,0.3071971145975837,0.650974733355832,0.24924827320504805,0.30708278695763724,0.1287745276154223,0.5636675545656333,0.5819732108681572,0.7091272536128699,0.9760652292628211,0.9179509917332767,0.546578073104868,0.21698989550075642,0.8436800742802487,0.08505691729854403,0.07197848704626686,0.04626607642992653,0.19817303085422788,0.11131558828108412,0.2359215307869621,0.9378137632734762,0.04861209885714046,0.14067069537020283,0.6916754483225978,0.6916513512931012,0.3915267850757642,0.5437274544341685,0.19744545208142872,0.22222713869256705,0.2635767321369701,0.2001388065779487,0.05860226522827916,0.40026136536192203,0.9468037819403154,0.2934203158373545,0.9833454193768659,0.6013399939111554,0.29754275491863336,0.31009642519404956,0.3202177102852909,0.5407827479178902,0.020157263696727545,0.9131877875565477,0.47769205797154857,0.9842150375718285,0.46834675295417005,0.5739964497824007,0.5810349650191374,0.045327809374707706,0.8845792978728183,0.6343409622798695,0.3317975749733997,0.48621605648338684,0.37481421850688457,0.9397072241053203,0.8393659529562858,0.727583688099772,0.9096967957329998,0.16591975203210763,0.8423481203706609,0.15433104446052193,0.5271825431972369,0.14687025747810467,0.08094261836615113,0.5043250754093332,0.31434219567735266,0.00633815794181225,0.9239492127530865,0.12281637612708352,0.7658361795980642,0.427420677329338,0.08289571357807901,0.6641238224871878,0.3839913748426207,0.1881627913636621,0.6228505880767891,0.5668273896068127,0.9421035345830207,0.4232087168282076,0.363606267165289,0.24306686794295185,0.37711331396000736,0.07740788708941415,0.9585787290363397,0.707260946385596,0.5838969998478165,0.549817055004183,0.5284630394532113,0.22409668654008597,0.09604671169190981,0.881181383520727,0.2568492365423496,0.6326650142414072,0.39545602706452254,0.08935055224495647,0.021939717254231828,0.9538349961079379,0.7535234759264029,0.27311912643668,0.5610501498467179,0.5403137998576404,0.30275981782828787,0.6717721647215128,0.2681207043433824,0.45086250838529407,0.8618401070098758,0.477247397352769,0.8027698610002756,0.2110286701791031,0.9552640228936319,0.16670884592973323,0.6475516898650008,0.10218113888760727,0.7911583559596662,0.20271886722848032,0.2587231196286994,0.18324745723606306,0.39041832020079825,0.2473123436467033,0.9279035918328604,0.7715686777525884,0.17888901309989214,0.9353064893384403,0.7637826807857467,0.13963843933855302,0.26563340394363866,0.3897929321292337,0.974165245468342,0.2986834367703409,0.6724378245500809,0.8256041262215347,0.48516110750818997,0.931420159000747,0.4208184081656927,0.9654444429531216,0.8815024799315384,0.16628847230555233,0.016554089018497753,0.9897138885871151,0.4092944681466907,0.9470559440117917,0.46586088785700686,0.39279910063819123,0.16018691709782973,0.9722733350758713,0.6967295650545217,0.6729752887125772,0.17892760361177418,0.8967040239737746,0.0685877421156198,0.1846969631583959,0.7420684960332798,0.24713074379436617,0.3875977954869825,0.8682052261303536,0.8360707129893437,0.36896177605401903,0.551761013997006,0.10202167431653497,0.8215039926401254,0.23053301027526674,0.11704630625754431,0.7024760067932647,0.9062199648715247,0.046906917654597424,0.959808896127423,0.02894831002075493,0.53768587670295,0.22461181790187634,0.11543809603484145,0.10160016679988781,0.8568950516850262,0.3182143621141873,0.8111063140053059,0.8436053747632986,0.6533786466240008,0.4910819310179775,0.2918738659792104,0.944324043528037,0.05041360438789133,0.9323726579929092,0.25974255599167617,0.5309160701987019,0.897729747083405,0.20169638968581394,0.36146566142148273,0.7705017819318903,0.41206773506456584,0.7964056966717156,0.42582554747529644,0.7322673875797829,0.45643012336632593,0.6696823666110641,0.12735308168740533,0.6179696227734336,0.9377035947817948,0.12141512870188742,0.3977690307351923,0.6641213895637726,0.1388618678144924,0.7179503009682362,0.7681758004737531,0.7079181899275298,0.8532515011724752,0.9449375898628587,0.11062781295066737,0.2136772114932407,0.8922143550597749,0.9582807996609473,0.8016196089844863,0.4367277153587904,0.3127464223489853,0.9954171903199313,0.6751255131708848,0.8683757867917038,0.0726477307652782,0.3078309738161885,0.21911514819276912,0.13625329650745666,0.19920653950675504,0.43708170824128145,0.8770488443040857,0.6610208539095611,0.23930319025812574,0.9375090502935858,0.6387464528042236,0.6839799811958005,0.7996732518064547,0.6039439784448247,0.7836816462030054,0.9788517902105554,0.9978274557203307,0.8646848444068331,0.7311600348432585,0.3698834362331169
3890,0.7973210801100229,0.25616756960807585,0.9539652328271453,cluster_swicth,0.8502331671748152,0.29942167788231133,0.13267189413008973,0.8585152369821432,0.5796001524000377,0.42371391069428666,0.8558006518516393,0.08863495206364391,0.5388453340243329,0.8729192626047662,0.9105913584470015,0.8035574388079656,0.16201729878908266,0.02171784836511159,0.5275390249077859,0.9052479196894809,0.8219753458887035,0.7634737750566861,0.9310968357918563,0.1400164155453104,0.4115906836220571,0.9140158172062115,0.6440097335901038,0.342255939626926,0.6480167265241058,0.38902607043711135,0.03266877992838246,0.3557879207182757,0.11775923143617706,0.7156031596085481,0.5478078390981319,0.5741756402637248,0.2522495624325555,0.10038566159889195,0.016282848081186185,0.39970544039196076,0.8981964421994834,0.45688323318386226,0.09431054594805333,0.11112174030384514,0.644238743965037,0.8864452754738467,0.622558050048178,0.7564015592285119,0.9090552837994672,0.4840011952563542,0.6499827686515935,0.14969641237824505,0.3505701118546588,0.8779579498446263,0.07710199806411988,0.163691152103983,0.2167841836399227,0.7214886627674446,0.44226414316337803,0.37996241067946623,0.07017165484358368,0.9054577470376495,0.8583022373462647,0.831322731219692,0.3627130967140497,0.8726643788391314,0.617124588636986,0.016099716114789442,0.3272442528076336,0.12505139911248497,0.08036400648406106,0.31951085727149464,0.12098654197924708,0.5998056606886107,0.8168456306519738,0.930901573709067,0.9106247905648831,0.4530597454901487,0.8640588080802932,0.02185610434771934,0.7406018033400839,0.030165468052175015,0.707456360744995,0.5907578066031686,0.8152872615257156,0.9732987276855468,0.2843652774298828,0.8964753414527077,0.49719964104059466,0.5511688149830579,0.6433875833764061,0.8395202295898155,0.2556055158777806,0.5838535253840262,0.46494761798560336,0.45630456022521293,0.5406046407467788,0.07739293162344019,0.9054527371502326,0.6757567196489256,0.24312776984322781,0.4643965214005974,0.014136274524244152,0.9410926812527972,0.37574967363442746,0.8173267778119363,0.21345720006730307,0.18895472031547733,0.3151040988217365,0.0006093019528606858,0.20880189967936025,0.09780576831397625,0.9894223935287114,0.7224849364303749,0.9755532465710041,0.26457754359993035,0.6320911697957895,0.4413613021138635,0.9876560649477742,0.3712767055669314,0.1814751026665269,0.49348507872717084,0.6555599352228948,0.4934965991129284,0.8329802251561643,0.208749691505284,0.1649374130355885,0.09551665784956687,0.358859098745999,0.5269580702196809,0.04788715968144053,0.612345566467642,0.3129942273065963,0.9296638775141953,0.8898495419812987,0.6575270400594481,0.7769617592393944,0.6238918797246642,0.44039140794619924,0.0009355850711204594,0.3584860518822989,0.07525964520283901,0.3252974392394543,0.18933970486978635,0.6081964706165485,0.5127140080006855,0.02312837966018566,0.055055049361717345,0.7086678436315894,0.013220283993224169,0.804452727764707,0.31566362537529313,0.8637473417461519,0.4353328866629972,0.2544681508548461,0.09887078100774604,0.7216138521367015,0.545298033251773,0.8500903692729628,0.7700870493773334,0.36413422863919265,0.44950208857040996,0.2396347813018883,0.010023882844214294,0.43326802347688664,0.5661132711997341,0.08427307569075781,0.9649642511261353,0.6999965906843972,0.13750112452185326,0.3966568577684083,0.4508943762780211,0.16161792625692706,0.18689655168875285,0.28633003201520657,0.6141194675872093,0.10002634323522086,0.8918271949636418,0.11789573600470815,0.09309425662800963,0.9639328982519129,0.3584056820745274,0.9127982027727797,0.3016323007523414,0.4019024262051535,0.580790931070242,0.04717794315112511,0.4337114123368043,0.2345208824649686,0.9590627103126168,0.30259664196185765,0.7287843093442752,0.3803131461850967,0.032111186408082304,0.2007833160223984,0.12505850147235886,0.5704580226907516,0.4202475220711993,0.9960560159293226,0.8525440006006515,0.046298417206945275,0.3789957617837464,0.44736260663826743,0.4440722604925008,0.7026517104343535,0.9157826165062666,0.314051116249636,0.44018937660117885,0.3985120311336756,0.10493065147196068,0.46679977674007234,0.5668284972812909,0.26159390856631515,0.5133586400636451,0.42011001608382137,0.612985440628386,0.9592153625114906,0.12077897947220706,0.04856033524224923,0.49462272832723475,0.3658563625258169,0.9935276371316546,0.4534354033834662,0.5428305497731715,0.6645449732665213,0.6841201171666479,0.0015433626281479151,0.12783872334318425,0.2677092843194896,0.8485068493320026,0.3666123778701177,0.1678508318218388,0.17523588272784762,0.15914143711116302,0.47445037726744754,0.24250209460879746,0.05545547644058468,0.261622510724955,0.31654629817283997,0.6240166012246587,0.9695891303750277,0.5312226378605632
3890,0.3884784047726888,0.28206527992142816,0.33762643459587516,cluster_swicth,0.7416121372474926,0.7723309326188466,0.4130071862031741,0.040247663055055116,0.7105841764278412,0.7763386026208562,0.27933335653854785,0.3813167569128232,0.0018765293070642786,0.36531763032039666,0.333338073177886,0.6254812476921386,0.7920678159528252,0.9125297826385347,0.5968226331693802,0.6509027329193928,0.3330230471531834,0.2715992453852246,0.038162094025379734,0.3447941819584861,0.01688834205143197,0.5767532662099744,0.8071254354335589,0.19055570740214045,0.25285073638095923,0.4593071528525082,0.1999695462957155,0.7837104494583551,0.587178699487925,0.14322276355928343,0.9925354344345964,0.02294764917583003,0.24526087251200324,0.4742304754423694,0.7386315466199922,0.8793303432859682,0.2735086469528072,0.8377408905973823,0.7967378340402888,0.7940148352201044,0.39294775329997367,0.9552016494340776,0.4878653247425929,0.3190739588764022,0.9875827525895959,0.32176730587588875,0.33531262247658933,0.3006626185295067,0.6771853866959815,0.4705849536367157,0.601724231072552,0.4607675223469333,0.29472298228210636,0.24605122282863445,0.006472040183532757,0.1088923974183944,0.8549791572386328,0.8617068767790945,0.948068505086253,0.032290236720175836,0.8418722179877925,0.16529083152821056,0.8643563760180042,0.5722537200012232,0.7415535794750326,0.5150238833346374,0.3388842107098803,0.025543510608105002,0.5626114686307047,0.3073620189657904,0.43022860134583485,0.17971144973405828,0.45778100427003854,0.7604055449465592,0.9544460651191522,0.5578481254867259,0.5062740809922162,0.23521647134545964,0.39627065870548606,0.9462477867000741,0.19496212048935346,0.2848049461691551,0.642703117420586,0.2565336839485859,0.412307722851726,0.6941435665471014,0.1909286227301089,0.1653718132538664,0.2795199425470407,0.18018222806582251,0.8997379619027672,0.835395767156565,0.6476097625784567,0.4919235297494803,0.42954095151023186,0.4414117022964479,0.5756745695573368,0.6820066594436693,0.9761310108693075,0.9433607542294093,0.9962367782396131,0.1972807204859024,0.5722285432979912,0.16602149460113913,0.7053912751473704,0.7588723091584474,0.836195524554962,0.17837700773847176,0.21514403134948812,0.963195503005482,0.7933243817693583,0.9386594604344468,0.99267606529973,0.9752053416669498,0.58627806233124,0.32651095326566026,0.573318273332862,0.060030948131721384,0.010299917644235324,0.6181933736208675,0.07213203522318845,0.4950607161020908,0.8712983092738882,0.7588038078053791,0.19700318569043096,0.4546851388172697,0.300003598813261,0.4998719420835692,0.3618154777388901,0.24106404998370357,0.5453060106906961,0.08452031527760318,0.773407261997322,0.3182104601273257,0.3798402845457829,0.21701792385266316,0.03646224005357923,0.11754738783391072,0.4906030939317674,0.9931064546257996,0.6396789410321617,0.3345105794466,0.8836282741892805,0.28464264592007604,0.5206325672015675,0.9930096119267329,0.11120539696388121,0.5063944465183816,0.8428603387522978,0.35592244135158324,0.45215985319323293,0.10708364380962587,0.06258339602637197,0.4845564283718693,0.6211268774062887,0.8990865018210452,0.7574370285471199,0.2731795914167052,0.9412054956581634,0.7169738506399229,0.10058178801221795,0.3468688662157051,0.3736878725806986,0.46640888786390966,0.8384225796115088,0.9693667540875561,0.38236729488068244,0.8451471619507663,0.9228755371755818,0.941980695320804,0.9358963035408451,0.05146377427143001,0.17855500129545543,0.07418190955560955,0.3080751548460676,0.9562903273976632,0.19122716599169898,0.6350195535762011,0.8793039600846522,0.9269061959317594,0.9492332508616743,0.8023866298512875,0.9010470711489339,0.034775323414059756,0.9982172038789738,0.6195413562922084,0.7897960930422059,0.012906745400757424,0.32129891615944395,0.32291406871607586,0.23316541727782303,0.6666740516877383,0.0033794608502649703,0.9450370362764988,0.5941091201868121,0.7606431894899112,0.19335223208841545,0.29739084463646537,0.2584648862054284,0.9985416694228045,0.05287505266378678,0.18101025233172952,0.10137266192517425,0.9869449806252143,0.1644365824338737,0.8557335548991167,0.09577171066254109,0.6428549805343376,0.5978624818290986,0.6451054278878985,0.45875402461430825,0.807981332535681,0.4409830958506403,0.6400045837209625,0.012695572632433927,0.21012093016534739,0.04971022323826857,0.26557641164987345,0.04275055662202676,0.4304855963133568,0.868569627984741,0.8203979032049784,0.8542135436520234,0.05927887553631517,0.5383191100907015,0.8674690083763497,0.16143090845474806,0.13471136656737637,0.14096541409720686,0.9905261108838042,0.07206974915803133,0.09923410639381458,0.5136191399822201,0.4651559528185185,0.21675225752786542,0.6805199474338821,0.5510439354923183,0.01855225477082456
3890,0.5236887918204651,0.3179235461558101,0.4203657376788319,tor_switch,0.7449100576815406,0.8358718799230799,0.8540093838289385,0.3759174106644262,0.2968599147682025,0.4631403334090185,0.7685094004539202,0.3934142347824525,0.6396633379699757,0.6746460713706685,0.4859616160469783,0.433327058274003,0.015429467432869104,0.11380720592614268,0.6468021887406464,0.47984822476630495,0.3531713889935153,0.7654280339686508,0.8951041025044373,0.7239398285400473,0.9215590993804125,0.5117687453537044,0.6328727063862337,0.36641920403490147,0.47630634596343624,0.13918419209855126,0.7920684956615083,0.46989974980361504,0.6047530591984619,0.7204207737099122,0.3904716441776396,0.8779129806786458,0.10803028560355532,0.9609938291471961,0.5003358025189276,0.2438360692751187,0.4657042380374482,0.11786846136126894,0.1968417082310202,0.1868262797807606,0.9825456036796654,0.6540991746198349,0.8598478625285612,0.5529463151506475,0.5531400876831005,0.921324782798613,0.5002202621144306,0.7666948584239535,0.692451355039222,0.5265133498525255,0.9637919047042273,0.3030138407009213,0.7352561991619058,0.23895906545410672,0.08646574742578428,0.9149795821435807,0.49583437743496217,0.051248746039888715,0.202148781329191,0.3425491795260137,0.9561523476342527,0.10524483683002173,0.08762708988406953,0.9294132616407085,0.7853630954198679,0.6310660659407455,0.21500958419753324,0.42796750024349994,0.3312122037659798,0.39289094491320853,0.8966686236566972,0.495568081941443,0.005195932022796446,0.32957786386208787,0.8921469516171696,0.14578287312857885,0.677273240461834,0.0343439518681633,0.9606602379094029,0.11283888580852752,0.09762733028506176,0.7272622277766755,0.8524717627878758,0.8387191752178295,0.7895070916490615,0.7544772994634544,0.23435088124145476,0.3747211158297643,0.9923379826346088,0.6661042667046994,0.5006544779980522,0.2161933171312942,0.33751904707614466,0.7742101784686402,0.7706533935152826,0.25858622172312673,0.5446316073368925,0.9241865360906443,0.896411136500852,0.980046812569718,0.3457828266587223,0.6678589125523913,0.6291934636572875,0.6856593352078575,0.9709814383010453,0.9624326549516592,0.13981002692467726,0.4024095750765505,0.022297434819052775,0.17998597418966356,0.4465527398058161,0.8061991894942814,0.42379035205227267,0.17435130011649524,0.6575320760086171,0.18437678652264433,0.32336117892997673,0.9315455119856819,0.0973024291015725,0.8885888221456101,0.670611196918988,0.1573927512479143,0.7529458055527184,0.47158173915334367,0.09751339408033832,0.5024365909287998,0.6726344468451951,0.2293864166734917,0.13726578044086557,0.0710740940263358,0.6619007765661465,0.3509436931001263,0.48798813423180165,0.22018781709847302,0.5685245618424438,0.8800867730736641,0.25899575535808006,0.3796103334751876,0.9699731421241188,0.09352524097182802,0.05877546560630298,0.18165451249108455,0.1451824030324257,0.656392630366778,0.815312264289983,0.05230093708735939,0.4750612655715084,0.8940726872091348,0.9732073107346865,0.5056817172861949,0.8012089202175676,0.7606807339037605,0.9546314887574097,0.20253199165733715,0.021939767977674718,0.8069786479461564,0.8874857538261419,0.8034243952712166,0.9743963728795091,0.3642685837530737,0.2559233592856295,0.5798584146435132,0.9658867739612922,0.5417252756229977,0.46672985549838797,0.1994374293185308,0.9651097644519606,0.6952854728291769,0.6668977068407397,0.7004635174267642,0.6965817999248304,0.7500696344885144,0.847383069665598,0.049835060299726175,0.6902024844863586,0.47239138091345834,0.23136230698787297,0.9230902957472914,0.7241892309625957,0.6659736905103348,0.5729877444284805,0.13669257485396236,0.6355942993004222,0.8286940232119695,0.25285807050796605,0.36170912669749367,0.013519952784220135,0.9422279971719693,0.7843353311842279,0.9986347006589499,0.5278185626529682,0.7743865188525815,0.027586134827126907,0.010647518752754603,0.8612325863056588,0.7318316494894115,0.867530682306579,0.9782811145123174,0.4434090038748565,0.09688021565102822,0.11846575544038229,0.630072839468539,0.34078502600278593,0.2386860167414917,0.5382168390131193,0.49549647975492095,0.39254877616958794,0.8522101460786957,0.583464875291348,0.15773169982888136,0.8701396188205152,0.9867698976863742,0.10026333424673517,0.9976213544207092,0.25405562919492974,0.1678283428154742,0.4303413705100574,0.7540951743629907,0.5708810965067114,0.508986510840414,0.4005109211115979,0.15366801334438351,0.0165560272900539,0.22991793897016466,0.3843381603952072,0.49845381335885874,0.8017075976217986,0.6470452027794269,0.625377564068098,0.6572427610329178,0.023470256870498862,0.7596422798774867,0.9022274332580752,0.06527948958867169,0.677728557596118,0.47126111357720657,0.031243832966221685,0.11024923885684745
3890,0.520334640766133,0.5500570451400099,0.071002461310821,switch,0.4356556608417089,0.5836161998012691,0.28527563581013105,0.4332715856259485,0.06142214201201024,0.04606166895990094,0.3770712036241657,0.6278378274113355,0.522781180283526,0.38943912560322125,0.7257091590506967,0.9771515882360624,0.8768903145169117,0.2468796954110105,0.2991842699132585,0.0873315591499485,0.13350048260436242,0.7166408129067189,0.8798446813590631,0.5602714563353561,0.31521687787560826,0.9823357047389739,0.40666610538026426,0.5918357525259,0.5735141560451245,0.6667097441677874,0.7128640987746766,0.660699830043771,0.02698237893028166,0.7894624020736075,0.37063002509302667,0.6527678733173438,0.3087633619075819,0.7019273787852657,0.19003105872390913,0.3695254537758802,0.2974533939557238,0.16353367079263437,0.6783332420655116,0.4299806110876133,0.4842669745197008,0.7620061653439069,0.8626771664943299,0.8593564243542396,0.7113904278038328,0.23228283370984426,0.025768575922205494,0.9450594426451826,0.15032716648124467,0.16235606441049133,0.6397144168529665,0.46877843851380074,0.5486027765476998,0.9956840446113587,0.23390911817730242,0.14614452608882833,0.12163990182955042,0.9046281528438731,0.556418744377225,0.48118164187998413,0.6841417267122748,0.6186653319547031,0.19419599229354456,0.7384602673315785,0.5922564517458132,0.7521284377783323,0.11262677909366148,0.15722510279962087,0.7705102811337988,0.4951437266429337,0.837083452912745,0.06650026340710902,0.22856869267806923,0.38070699840764266,0.6165428164268217,0.5561920542711734,0.48058541543784683,0.9671237554808929,0.4236133552979041,0.9939725435578184,0.5987673648136368,0.037984413927520166,0.8337595799734827,0.22284676064469733,0.4923670930499473,0.24891402666634577,0.8835523519724002,0.6219159895414869,0.9060268577989689,0.42702527387960765,0.5467407347893695,0.15465702512374024,0.6877000199322812,0.48261181825963806,0.09691442136003181,0.6274348313211604,0.051641454791766295,0.9612169259600601,0.8480555454308789,0.10231874817861442,0.10245977966184294,0.22212443880530675,0.435054245351017,0.06809664337775445,0.5795627563758999,0.8787448079326627,0.34935161584111174,0.633076508162515,0.1826607268576932,0.8397680051689064,0.6698915769413365,0.3997640041370364,0.6310469017832415,0.8204376802011882,0.9511844085837534,0.8161514891249819,0.19223016731558562,0.8409812527370251,0.8077006964435908,0.8925447645140964,0.11685202530459693,0.6879181407164343,0.8543371791144907,0.45830158362437023,0.4281665375892061,0.25914417993679784,0.4165968786218246,0.49737815366237437,0.37066710581271145,0.24603428644160397,0.3974284091029332,0.02782800981071043,0.5650411978300478,0.5528054194116425,0.020723423673467356,0.9391035644738691,0.23897160474265033,0.5989382341515574,0.8468391568909395,0.03998516376538175,0.22969747855826572,0.3174080338871683,0.4074272678052656,0.9713058011365628,0.13301273892478804,0.8358390077484898,0.05763157324328816,0.5158399417579409,0.0996605531602569,0.18216712056206918,0.5113820834632774,0.22275282440007482,0.26761087776845793,0.5795863101377253,0.5025087144749296,0.3386920762029766,0.9125597113445635,0.5033244197265397,0.03669216811137377,0.20784949814330778,0.8384715390929594,0.634887715259423,0.9987331858625016,0.06851042017180786,0.49339892259803364,0.08236295232228297,0.3848611314184657,0.6547747276370323,0.9748442262128686,0.2579582901294849,0.5219764332820058,0.21177568672866498,0.4944047056934261,0.1706274112348889,0.13573362982084392,0.6242465013854416,0.5976404120318182,0.36047948948806874,0.7433924763232893,0.7573205745272831,0.8010809118957842,0.1404732573677625,0.8506499156599011,0.19255377931485818,0.5361920612490564,0.35696162046387125,0.9188411676648359,0.11446456023818496,0.5066757435942825,0.7532450878629234,0.49100554899697424,0.4692149418178797,0.17232540426393894,0.41936227322950326,0.0441716594321544,0.8716008009053962,0.7345411311805081,0.4892782129488018,0.018968237185962855,0.04771489959033459,0.10584713967090431,0.5318779234937109,0.45519096106114765,0.13420302001428497,0.5519670388768534,0.9767962863393495,0.17888076272516995,0.6428451942291458,0.9946087124637174,0.07322511655830743,0.5584260598364658,0.46129518542165093,0.4046231159860181,0.7460062229326523,0.632265335655295,0.4860017395845423,0.22269276576908204,0.9787984711845086,0.8034702549269248,0.7163464126392456,0.500903391175268,0.9368870866859884,0.1029738145299669,0.7940026796126342,0.19457863021883426,0.3416024686455723,0.6103927670006537,0.47800913668477407,0.8828495523524862,0.39262472604330445,0.25635008875851295,0.9994490306073989,0.5535163328697992,0.6996837989369326,0.24408414543931167,0.41336153730383274,0.07603138462819559,0.10153317751941227
3890,0.608786345940097,0.8446449534879945,0.49438272850229037,switch,0.18811118672783222,0.02125305528328225,0.6357764735239637,0.41874188114850475,0.039272992669233786,0.18707401503119536,0.29158004837983,0.32273745335987825,0.5052626149546809,0.6988722560837546,0.1477838634906461,0.49076356228493545,0.8628715683032024,0.6691741832964208,0.8557746585532194,0.3628639323895245,0.48742017314074626,0.6165124173214775,0.8535495131020453,0.30484158675402684,0.5526025068030311,0.9359837045038667,0.6479743561490755,0.25843971786167297,0.348268438269405,0.058203756382187555,0.061328886276466155,0.9990091237221397,0.7679320698366711,0.6461384553822814,0.47925459911779467,0.8587428106336841,0.8444211943978883,0.3079553399656456,0.6707876667191364,0.4953395327713369,0.6621175110639177,0.3867767885762866,0.40741529717673264,0.6692372183559113,0.16934612698687568,0.6497153185725028,0.7910050504357213,0.060787760071909114,0.8483003627918141,0.8574246077925232,0.2123440036538382,0.9991586293542096,0.7213539342208017,0.8611975131195154,0.33678495469713265,0.5520163102458039,0.17255372417074566,0.1882766993032987,0.08379375730960359,0.8704691676677547,0.06848706571140573,0.8720224806928196,0.5188413029898185,0.7941758180449033,0.7882851365323127,0.945665074009577,0.0052880453005059724,0.22285995095673894,0.615708805728294,0.2695605283154493,0.7937121483192466,0.636721752440922,0.907496114057094,0.50458258069444,0.11493382694262355,0.9881006915023627,0.7189185928192531,0.8746051519087041,0.7942595512957765,0.04890029358820447,0.1812432940002996,0.38303381043490337,0.35623330012456744,0.8396716226291079,0.6287096254648136,0.10224724274959374,0.006594952100920093,0.169762219129992,0.4287146264460785,0.44010074340517225,0.4216557085420467,0.3521354202417375,0.5183061698471142,0.611873014214686,0.4251333837538511,0.5720579891874809,0.47447516884080976,0.8838821731887018,0.42020219289107485,0.6999077675133428,0.7985641611776187,0.7760778141932707,0.7172432481681151,0.4216690333200286,0.833262823122305,0.6521583739972109,0.1717911183785008,0.11060160118744966,0.5499098329376728,0.8317029587557947,0.6560735795356931,0.007872493858752772,0.771186644566426,0.11282867556880183,0.019657388659550468,0.9897888405258233,0.8191200232787337,0.8409511709444878,0.06510264235294883,0.1695088967463544,0.06030034673041751,0.39069771638456263,0.6851655199044877,0.032415350897359696,0.4719553076275058,0.5507560776571403,0.3486497223599968,0.04560612055459268,0.5874604663328025,0.4702263591905258,0.463516380518047,0.9506775085469217,0.49218763990049064,0.4425829133193444,0.4504294512573118,0.36742734848167224,0.8473874159743711,0.9438646633389896,0.24588689240215988,0.6384704121004927,0.1423987058722891,0.22059407062119407,0.21557448983704564,0.7017314112198639,0.24016611050677128,0.6914536120387255,0.21212119739324065,0.16070700052069853,0.5297787926194532,0.3328248775768903,0.18729343149715194,0.373114543506894,0.10375680645972207,0.3913505870495927,0.8722206850813069,0.28021781860901107,0.5773582775937038,0.026546435813311287,0.3403467627947637,0.8633155244156623,0.0652147327871695,0.5475668354832972,0.12513141254439764,0.6710649375567168,0.40257372382817624,0.5027439727988243,0.2876924442033264,0.006815236480363862,0.7842463858290384,0.9168142504789523,0.08618853298792672,0.5147989028062885,0.28056575815914253,0.8412805610797104,0.9213507188105293,0.4086050892953752,0.18586809659979053,0.1775415936605872,0.7594309893408504,0.7090404195240932,0.6564943985870565,0.2144287859460703,0.42711904579703586,0.7922474231004502,0.6043205747189709,0.08884839998354765,0.8560225489189405,0.9203950175598291,0.06300359638482722,0.522615612613128,0.453206010541394,0.6660979523854839,0.10399475515071777,0.12035493216987159,0.38871987252644613,0.09633229931669729,0.35135831738675893,0.30873104137469864,0.03081403969648111,0.5706692754282574,0.6044772233292306,0.6569129953326313,0.16275642857753392,0.8221785710665385,0.1963415263534769,0.9174989906060673,0.7385256190840399,0.8528508381905872,0.7263825824999117,0.6336428799583974,0.633400699069244,0.22894257701861132,0.3555175261419722,0.8768017001249945,0.5967048050832189,0.36695313588661505,0.19190340953767815,0.4161731317768981,0.8521985577503951,0.16675910552312045,0.28915436525987126,0.7916306952997975,0.8782364525294954,0.5233947394553905,0.35660297663194584,0.9894330825460387,0.19768815152734165,0.444761033971928,0.009974291823335424,0.22313838571681177,0.13434258484535033,0.09705544541610511,0.8818412673530536,0.9408270253478483,0.10497077218039075,0.09199186113422353,0.776315428002567,0.10851294899368169,0.9145880800331933,0.9026998037997173,0.35350529139099995,0.2885495028199285
3890,0.7937981881245676,0.09755867805183926,0.4897881529271174,cluster_swicth,0.32541443175918083,0.22154555320866287,0.7570293749247544,0.6360103734255302,0.07798650089276693,0.8374933036180549,0.5282016891474229,0.5307335734571136,0.9907621062769164,0.5706041968475953,0.6068082070105426,0.07292260662499228,0.37041842212971465,0.441392102255608,0.9982562722048832,0.5717399984179948,0.5198142758782592,0.47742650383625596,0.9520101319634041,0.9126101656856144,0.045125998818615565,0.7071941131066376,0.3610893889682434,0.8781445567797318,0.7142861798221977,0.47884383100824923,0.2609064594478383,0.2052828948787918,0.8300835076097268,0.14462823636898925,0.10002124130327517,0.3002570850120567,0.5333098503192304,0.8028391938167648,0.8031764814408584,0.942686061279439,0.596281132177655,0.7427561113988814,0.07786278370391975,0.05452800592484697,0.5773661259372259,0.2047466033155454,0.5998424207238369,0.1263638981120464,0.2690490783285573,0.7543782377130721,0.7439239865066384,0.13254578051398236,0.15964041889976688,0.9714423450158002,0.8396063166767179,0.6154850601118468,0.9790755775834517,0.2731338964167158,0.25632137457854476,0.5046742569855115,0.04921821186450681,0.05781046518072319,0.5838769435108666,0.3708998131865614,0.2479325796758569,0.828921138523058,0.5014299153818986,0.8541617184963952,0.9558873593874927,0.9229036474958852,0.958829425627421,0.5909189051747856,0.3709459216767028,0.33399397470506953,0.44821834692832896,0.6412043578181746,0.9973886124495107,0.17998731362783182,0.5639280054653669,0.9776387880616385,0.27398636845864666,0.019862757505105466,0.08758590692601087,0.6393790088622192,0.9807483883746007,0.6965040013422407,0.9141486316515481,0.6629573882143519,0.025659879461665924,0.18622538662349275,0.13490867604640344,0.7581580520587341,0.38116652257437544,0.5149157446547616,0.29833112437724185,0.5908826875309814,0.7567237415313774,0.9250214458189369,0.302696939320393,0.9283945610420529,0.4494323358940101,0.9473848050857255,0.35694007906616576,0.12099660695968062,0.9287904693911329,0.06359752797082296,0.7226658067661018,0.03343517464418566,0.7677378799747862,0.6989174700836374,0.3336471420695728,0.06897250166077606,0.3996624240740425,0.4983166323596614,0.5625073497882317,0.41810832781618257,0.17585147703629145,0.50113698774635,0.13649647983387136,0.02346403600960556,0.4153455375924555,0.5109866179177057,0.8003205288674814,0.30593144333884426,0.7492390439464542,0.9227063814226745,0.16634314193899924,0.9942622455731008,0.5880274857012431,0.9585265084522111,0.14191476846133133,0.6466699789265347,0.5668394251452368,0.3600654893106865,0.4044382543161663,0.6050322559730764,0.027619054677093247,0.2816395635134258,0.8286617101412778,0.4223177412932322,0.10808620081709575,0.24227715259353788,0.8466858353957233,0.9061126280204916,0.3776557683004309,0.6131653943377172,0.7066417282296295,0.062384236431317186,0.14270271639306298,0.785061053737409,0.7598418925271787,0.2973638424388303,0.18088022058607522,0.5772994423252624,0.3810877804302353,0.9948183298176959,0.4417651073706591,0.898085015325516,0.9048519553307905,0.923766805278708,0.5587835903112454,0.9531648549246676,0.19572248407841153,0.7306913081989446,0.6629234459603335,0.5738407500571272,0.4499213006807634,0.8146483932662452,0.11013776648510587,0.11070139203413842,0.840828514324825,0.7759703639867707,0.4146262475971437,0.08644140091938202,0.44349823026571356,0.1272871766571999,0.5214132849472077,0.7239692035587281,0.16923469432296978,0.3173044282749461,0.3355295559042387,0.6712135840266277,0.8010917761936578,0.553316271832851,0.24042510379560755,0.3988827114004594,0.6119908424527567,0.4312791246463651,0.018690927951405367,0.9911329566418972,0.2778454935409562,0.05189593371189838,0.1576107644456567,0.3642659233362534,0.5430325965987824,0.2017255052422685,0.09275157429866643,0.6537457423913251,0.970844799135385,0.024054487354145615,0.14602324271805844,0.9187945389641681,0.9790820817347856,0.05538999438863523,0.6495275271036379,0.6200907078141211,0.26305028914469253,0.7869751827998567,0.10455247027057146,0.1574294027592148,0.13816117673464523,0.8650197708511781,0.5445677966759721,0.7342097697711941,0.04149785699674735,0.11227242736118126,0.8130394876276592,0.04225359377939464,0.9929279090282451,0.9348534103646271,0.23239472831701546,0.5456577832969485,0.21750009569711015,0.8939951383806626,0.594273163895031,0.8886562468263878,0.4637668351760449,0.49865448843124216,0.4357206570277532,0.21261546724890135,0.8418643454134057,0.7850230976440831,0.6531809522940003,0.7693945766511786,0.859558411567504,0.9983275404027228,0.15310702356736994,0.6590072407170291,0.2359968919668658,0.7938222206386941,0.999131238722108,0.4792118791117208
3890,0.8218251370261515,0.4983990687398021,0.045927631434066196,switch,0.9275509995721892,0.9255051958414395,0.904439413693443,0.3591119107306858,0.4538722994318556,0.6524024790002324,0.38174981594293833,0.5589404098252179,0.7527870734526912,0.586482586426698,0.6064910878318583,0.30856164082238746,0.11489052682890832,0.45681687069642574,0.033953080433770655,0.05616000517210595,0.8955264197305153,0.2442771123169727,0.08601614660421286,0.35576231898117694,0.4215643667289395,0.006301163434442092,0.3731157870560535,0.8360875232150592,0.9707605729796155,0.6552978853749641,0.8011116768400506,0.8235651911433068,0.5741758695512202,0.2123673101290796,0.36911987805393287,0.17081444957228598,0.44996731967130066,0.5110583655766244,0.6685024312916223,0.44300017707048156,0.06774915177772911,0.8476682301074712,0.6416801298582376,0.14581487600332332,0.9494045496090888,0.5623189810507708,0.837751859780568,0.35715972362880666,0.2203148259956066,0.09198813081435742,0.3251019225973648,0.5198926861563563,0.07359794722552238,0.2627403996514188,0.7231767197731422,0.7671857470787031,0.5041633149946733,0.5042399916045676,0.1475081163641595,0.5552441688991384,0.25688564405997016,0.8294588368196277,0.24679770264817025,0.41677193253105027,0.8693413499695631,0.6646409612893049,0.5607157624093123,0.35731967086914107,0.15991930656830977,0.4314811195198497,0.4805914721629174,0.9024060487944464,0.7817151675720952,0.4571943432348884,0.05836672866696635,0.8320502304468872,0.46410141746709455,0.41340564433838345,0.3415869489969091,0.6777702448290065,0.13577486026713392,0.7478373686584647,0.508145509642089,0.210559628337757,0.6027866469214814,0.8314891928565243,0.30692638029270936,0.388312943344717,0.04465150761340719,0.8533845669843563,0.5703680408885514,0.04541401392101041,0.9924961010463207,0.1744689930940695,0.90033765360736,0.38749721109553426,0.2778942821670797,0.4198632464389813,0.34186080674344566,0.35441790185870714,0.6031814057792818,0.9852200846350543,0.7160309058958051,0.029850268368021182,0.7449068917665411,0.6515041266940935,0.8762166729029078,0.22879570430059248,0.33444720126617,0.1438157974639641,0.44841118819679626,0.05228069694400028,0.25522719392660564,0.021303681761439486,0.04841755209718168,0.0062831885402696575,0.5838739567352272,0.34580817454273904,0.6320992875728105,0.21808850227096155,0.7911498466215661,0.32164315146394995,0.3924469123939479,0.325410874323084,0.4762834419244657,0.31464365505222125,0.19290524435544243,0.5770121345603274,0.016592422677148777,0.33208805958307264,0.4503782209727587,0.7626268093924221,0.2316174226854335,0.37978447824573724,0.5864455326367358,0.08551059385350401,0.5743999281125254,0.2379712711382257,0.025040515342071634,0.7453307949012968,0.9205596524856072,0.44679755138394595,0.9077383634903327,0.2685216922233452,0.8376959052157205,0.7900591218157665,0.34612202430202166,0.4538099060657823,0.2106356053004903,0.7451002671534771,0.08132581410826667,0.426275025287835,0.6188003857765868,0.6124436723179892,0.21867137169806594,0.15081160581160957,0.15062331520241734,0.4053694255178414,0.039015203729495185,0.7005624938456689,0.8242245142789604,0.24203709096098558,0.5500987978253953,0.5024440531085292,0.43051629479001496,0.7660931859241235,0.3624015072179273,0.3318830447045925,0.36733962988231583,0.8196612473574395,0.22826374456865473,0.20804418200361852,0.862485241129874,0.056031553337629436,0.7306286462037395,0.6317333378037956,0.9380479357114733,0.0602783019377271,0.05754646648749928,0.9171465435402065,0.1440917120541565,0.7653240633502254,0.1185365187753411,0.25886682757245183,0.29058429643628314,0.2953611309429993,0.9744857505545318,0.795817419829576,0.3696262954241045,0.14308565791949368,0.9004751198876982,0.49872712705581324,0.29565884942465337,0.6148619467476334,0.6374628143803321,0.4870551899745197,0.04853324958807603,0.973064853607531,0.1464658683396326,0.21107189206387555,0.39825050319023114,0.24364443115933132,0.37508994506503945,0.097949911458165,0.06015602638572415,0.47130282949536517,0.9020341763146661,0.48736790499912197,0.1628240757876518,0.8335127892286829,0.7131378850823841,0.047819475605688666,0.453582409444899,0.5711708385824626,0.8490780774955438,0.2103722861863513,0.01811038124807518,0.9881736437641455,0.5941913686388097,0.1536057391592638,0.9735769839711202,0.20108801497228423,0.18389574474033632,0.5875163150736639,0.7305503601997293,0.0266606123803107,0.20561903349587085,0.9095608601462163,0.3805682727235723,0.49036482319551944,0.6341278012877319,0.2628931608057665,0.6837392420141346,0.46240777280731793,0.8365191140646043,0.19719655237019917,0.21482400352543607,0.48915603988014444,0.8906096072565994,0.5240268872110977,0.11571711336845891,0.4529237881499548
3890,0.7432186781402217,0.6048339646418118,0.8121512353223591,switch,0.7247091453975297,0.6694060251567917,0.9677998599081601,0.383706964112549,0.39810329366708896,0.9463696506288758,0.9507361574557974,0.5197537159720751,0.9263034973189201,0.4011126170125324,0.4246314081360555,0.02784416770584952,0.02889776426555457,0.9384164261792959,0.24085539420945024,0.7292690361025814,0.9466696561375051,0.9560160010323621,0.14918121333715517,0.1892648787933363,0.03396053275619959,0.5556720577058883,0.9008286971405282,0.43784806187585323,0.44134977691201516,0.9401049139013169,0.4196905276001903,0.15380458375858153,0.4823762008672323,0.31628755557968435,0.4079388797907998,0.613024999710358,0.9411471909919723,0.9528429875206891,0.593574000759106,0.7174818108452318,0.3864286831666801,0.21199244481920498,0.12033229827598857,0.973771627946048,0.7074840130339709,0.15713674541545974,0.958389547790697,0.8465997433989605,0.9347970514381063,0.6339546000217574,0.6839697834406249,0.6339853444311159,0.29692905391778357,0.8393533035465377,0.023929069817019144,0.9041755303505516,0.5508305714954742,0.7550976985803821,0.926404526977986,0.7908005036951954,0.3335569137735934,0.901589407829515,0.11069188881743486,0.637194306928795,0.8139124488993525,0.7934980917704337,0.0037680770679210385,0.8599040735265546,0.36566343567003035,0.5972774095365936,0.9224193041183122,0.8255197419477349,0.2830774942651727,0.31713312040471564,0.1624726137442335,0.1441536201516408,0.9511992811226597,0.5618917290941482,0.9233431527093983,0.1479155292515535,0.9019713860860696,0.0822514600267511,0.974352843743444,0.5810268996591855,0.8849037992391114,0.8761384152106035,0.9196676391681005,0.4378048196676193,0.9383658394719839,0.21182354252973556,0.9302214123649324,0.5849479727005543,0.15360911982373548,0.6485643397748019,0.6705133971540046,0.2342593324497645,0.587108301451025,0.8513129796838491,0.9225122773326061,0.3717724684924586,0.3795439985049802,0.43945746367898275,0.011708077644790316,0.9615525018750625,0.9257974031298444,0.5153759050998169,0.33289004050289617,0.8992161875420418,0.6487474886713678,0.8025649596170708,0.7032446178103847,0.8647930798667534,0.47556236704335897,0.5805994325594006,0.7778653623221473,0.07172374726300634,0.9316173642149235,0.8577310060273212,0.06272200927519156,0.8335477549017662,0.09193001396138423,0.8934770089797974,0.8445057021658702,0.3843118215604766,0.6091793648183995,0.2845323161940454,0.6697598943481978,0.37228437493742617,0.9410784525434399,0.13779778110361385,0.6606242023320018,0.09269916811318357,0.07973230135077691,0.43254510613563313,0.23056449158385983,0.6561730161372314,0.3692599886627428,0.11451637184595687,0.5236719809291676,0.438008711200533,0.7056226206672057,0.21101918905260297,0.7517402197222957,0.04562727695358426,0.3155564356263356,0.733069567039918,0.22195659719980487,0.5642805350961381,0.6578146222035509,0.06116842044249038,0.5861787472748494,0.595508741847923,0.6214401512483573,0.9349679877754258,0.3206787379418644,0.01728596826755846,0.5337890079803485,0.10530536899098664,0.6966171781271331,0.5829377621658871,0.26598353442036216,0.29052054484737033,0.5076971865604449,0.015470764553600302,0.5833244270521702,0.6100001643396288,0.3399750795273879,0.8766486632169174,0.8173977725014938,0.8613387235190284,0.26606905238264655,0.03645088470293656,0.36349633621539545,0.28748597028351264,0.9485343660551158,0.8789143614388124,0.987943954713426,0.9277040321800504,0.639002819264978,0.5122601392772411,0.4287056626084971,0.28174747434605674,0.45672874502407057,0.3934440760511313,0.2776898072757652,0.2541257949707434,0.6369396434860182,0.13126124830186603,0.7989503595267567,0.6394917254356207,0.4506730362390896,0.21641242412535788,0.43337625743762787,0.7513456698318122,0.2470820924497289,0.467830496657608,0.6130200237804038,0.11403842334019054,0.7778117451131547,0.8212184902110051,0.30404886211948956,0.6591408159025299,0.5547786168801746,0.3592413554878596,0.1986540021517189,0.60892968035053,0.06537458077674962,0.08667059795800058,0.64608026242691,0.0291083768102135,0.49727103882906354,0.015397964355198579,0.06267232517898103,0.6853619011421407,0.6936459839714874,0.7264901875380945,0.6106440971007419,0.5168947204487195,0.2194566335919983,0.1980535729770886,0.41151841746263074,0.893407843830954,0.37265114735051497,0.2784599152981393,0.17478165136275348,0.624462881422118,0.7502381258936094,0.4378637146782447,0.4487249068630007,0.2879998938154408,0.555154348536465,0.8473341223308225,0.18927777514751487,0.8834433860701161,0.5917418936134355,0.6894893842210461,0.90346517093928,0.033246286740510334,0.9837247984823395,0.8364554160866565,0.34371034019322266,0.48395653790219384
3890,0.8864666349352346,0.4285261804888332,0.2740017193818687,switch,0.620849697812225,0.2278362313954393,0.13057972307261934,0.2672500132069183,0.5188145389809553,0.27390529824143295,0.6389409576251255,0.3158710822874783,0.5929447328809926,0.34293385688176925,0.12846749011021508,0.7686571656425264,0.4251791617620243,0.7365423681975701,0.6804283506924036,0.029314915107662043,0.5334095104698034,0.2308345633398945,0.5784881910493646,0.7354394216500698,0.9517203444109519,0.6780624546310342,0.46261716511510587,0.5234249752432576,0.07362717909688188,0.7203384275870597,0.6945772644817273,0.24043730205229752,0.6728080320273928,0.17731382281487407,0.2949319615239072,0.2092723582070085,0.8772701336991563,0.6169788929644584,0.7828153379900609,0.09994407261599225,0.6351634141756991,0.638425835810344,0.47044184776565035,0.4321949556598882,0.29134487278032895,0.6864095234355193,0.863217269666991,0.7871861017680989,0.7007369454348776,0.8070277982208162,0.5948275777020076,0.3167325187211877,0.8490981627368985,0.2421094379107227,0.24938914165523662,0.275545513782232,0.2954229969077399,0.7264028445873678,0.232133043105741,0.433304934540542,0.5767445450176623,0.21603443171275571,0.8112198072386745,0.6356604118579798,0.22466191099119825,0.9425061499474352,0.854134572841605,0.839955470375894,0.6963641701462799,0.9876539374949854,0.10663815205911309,0.3516202742350616,0.14834458660828853,0.694903651373151,0.314653695644622,0.6718636307849412,0.03958275457289806,0.8305121374191651,0.740171003356657,0.8034872390061002,0.7354644461721693,0.6810541336955799,0.15618548509617658,0.2003265658032768,0.1827479894333358,0.5549054173257317,0.4567979558869488,0.06309131664169121,0.47993732216590246,0.11475508121151212,0.7200525059763351,0.1389075902745469,0.3186033937333602,0.8568693275810975,0.0414489041319589,0.9304232105811575,0.6241332293103505,0.7706138263086897,0.9222043037076149,0.0673693458560799,0.6986404383398156,0.41267345076777706,0.695872592583805,0.2743855863392788,0.5385567648739942,0.7202345720555474,0.23198524464472325,0.10978006157519882,0.7015754608459446,0.6633495204385197,0.01722240429036337,0.987848045791517,0.3997374045361789,0.8025513723470582,0.582244151371436,0.5944759669335298,0.25204725399907724,0.7702962871122526,0.8791346444118496,0.9526321302210043,0.5411402163208666,0.2706223715537447,0.5583830134370005,0.5359090375851641,0.21826880350510258,0.08078446119390381,0.8873878418359226,0.2910750233346978,0.736316579992877,0.8055355354190472,0.5649517616001675,0.3811369318847164,0.41362212061310233,0.8130428598582826,0.47962207348750663,0.26394738406782015,0.8742839506776807,0.23144576880030865,0.8737766687657013,0.47441295115294213,0.2615607358723244,0.5699269282752378,0.3899981780176872,0.33229197663933285,0.9307272515841272,0.8349821669103177,0.4528361840644699,0.4990447822267299,0.2382920028984693,0.33317840200923243,0.15712057519860456,0.9110380453260247,0.27906332097034103,0.20187805883333332,0.058148800672276346,0.9074357746356206,0.515421010889798,0.6437022373715429,0.15693282032381362,0.9469967221892501,0.8313482377771559,0.2624717259933105,0.19742479117714185,0.7226153737607119,0.4080067399424775,0.577976986308593,0.7955993704165861,0.3198285027705283,0.25005998319574874,0.49196936135204494,0.42729570590580646,0.6092371464714498,0.8263558600117138,0.05474994218824314,0.7225980076792262,0.8066091131188836,0.7478547338409478,0.20384088638802345,0.31314432377853696,0.8410695337242414,0.7203095330527257,0.6955076044488308,0.4772716234823903,0.6180800884174781,0.5259911613186743,0.616729299763775,0.5932203806580704,0.35575851043730256,0.7237367727362909,0.6167327717845388,0.08781385233596173,0.8062777788543627,0.17370735908358792,0.3740953042920686,0.48738189061134884,0.038452247152742314,0.2842837364376728,0.8230718233884321,0.12363292237086498,0.664633974227184,0.5599103963719749,0.16023969261624071,0.6166441232392924,0.027368845868314118,0.5281845896045354,0.9668010870519592,0.27295946845445673,0.26534201500606747,0.6771512633150419,0.6871966171493404,0.35687551164680065,0.24761878180648023,0.1494943749303581,0.3044355884372739,0.45927432266827206,0.5759290466426396,0.34735957020257624,0.9125682832093379,0.9293268598229741,0.8291516407550076,0.48827204415910175,0.327763893099282,0.6307987461711887,0.6639776416185115,0.5394297963264847,0.5252594893816647,0.75406553034902,0.9582997367145033,0.9302102291536913,0.7963519336006749,0.01760307108194592,0.3428567005644466,0.304746993343465,0.22123348942509202,0.06879092976638956,0.949314509287199,0.6855627686122044,0.12105723096033827,0.10502196268461406,0.8637263257915251,0.2366688950760567,0.05049328425488031
3890,0.5944496575147181,0.47786760964432506,0.873787030816653,tor_switch,0.24334739529864746,0.021299069307373353,0.46764032900175856,0.22866983247561534,0.03372050359478851,0.7532278046188269,0.9666042857457261,0.43524877208909996,0.7101388305624795,0.954246860607776,0.6880213452888588,0.7132811536094121,0.26388467628685053,0.33217626109537257,0.2513524948924112,0.22978666455078978,0.4469294604172023,0.36289189391378307,0.8192404710451597,0.5485059180723998,0.730553061293673,0.23402138000336115,0.01341962795375784,0.4827575728249277,0.6621553547223578,0.12977017612984532,0.5815615234105279,0.2733674111719543,0.9534358104088653,0.16566321056472388,0.5167839148691312,0.918614596083325,0.04730494506945926,0.5498787973342354,0.42548696556103593,0.6647804484569788,0.07257617116291115,0.4591153612602191,0.09577785960277996,0.6901324811731434,0.8160981606799772,0.3765872635037495,0.24483476969410278,0.3568614703952153,0.8165769601756034,0.18452241337648945,0.7747005656016079,0.5190955927633504,0.5582211360605385,0.02834161500677701,0.2989646605754789,0.7625396966931538,0.5115135440799541,0.2156482799358339,0.7247649859690738,0.3938042567437231,0.4373749214085658,0.4455440865273582,0.48867074965942714,0.8135399099219369,0.1310680744353948,0.6425267971457821,0.4069365558005009,0.5769040516343652,0.06092922035017345,0.9909182452836578,0.39950532402292527,0.5781800892675097,0.5265831200613283,0.5479799140125236,0.1644227600164897,0.7172905732509396,0.22349805194228423,0.37751277930435034,0.9656796482538752,0.8212505151802135,0.9211154220531709,0.8611885803727434,0.26658185279291724,0.1585301412429776,0.9396028893707983,0.5379604603442038,0.8521262481984433,0.17172974850981448,0.11213423019156832,0.5518938264702666,0.03955522333702155,0.3500693009516861,0.3752996485152036,0.11515817493504243,0.1572827581736712,0.6709629038545191,0.8263741033779264,0.7329722993822513,0.8731432540468711,0.6327001146013903,0.5805259795609535,0.4937501682970107,0.2770402906744349,0.334655609002132,0.8509816041868881,0.17966767535801997,0.8362251806629066,0.6101389632071351,0.07921335532226337,0.6810330267281164,0.5859078498033574,0.4286352507724208,0.5052199957085383,0.8752847471011981,0.9277445151637891,0.9703866012812121,0.0405120971471421,0.7093255029719284,0.36396713906431566,0.9468144731059671,0.6921702870289114,0.6540982990384919,0.6849690718717899,0.4188033113871218,0.3501241450272793,0.23717062153061907,0.6439287779346929,0.447044146404453,0.174410096846507,0.4894746113328001,0.5749809684720854,0.2885227255828112,0.900032680174903,0.43901267005315225,0.1284801252875758,0.5012289950832056,0.2609228122348959,0.1560118836489901,0.8461843874293454,0.09654707973763399,0.37408012825861237,0.3589595311340932,0.8542344074884993,0.6087215031343038,0.3565854075977075,0.4774230952632086,0.10930638751281108,0.5627416304486919,0.06056339017602452,0.7025003951582179,0.9922188436531445,0.8288376652628161,0.4263727829384324,0.7621932253783108,0.9590415837473487,0.4747174497300788,0.6946214632661268,0.5706744947530245,0.24611810354407104,0.2854115103072672,0.1523043843987565,0.004432708758197679,0.8387111711883536,0.43435260900971584,0.1363474014317142,0.44327658752441723,0.7336711693177848,0.8101643349989961,0.230277277253499,0.35099486554410797,0.8748626420106359,0.47875411922214095,0.5781605037342009,0.22979402937113036,0.38104834292422973,0.46060504279602377,0.09771566861913061,0.046988532935583804,0.8950039555559174,0.9634407027718294,0.05594860601686091,0.3217199662730531,0.4876817868639318,0.6105193162868957,0.35969194133170335,0.2510252119880175,0.4397988635644251,0.36616910029645244,0.9312115483417829,0.6497106088805613,0.6485844110617544,0.8663539651180909,0.4592172992210316,0.39276960416395756,0.39196019888526523,0.934667469844471,0.030572021478001754,0.10720694043534962,0.5779701918602907,0.826152083072384,0.27780709685509386,0.46266654361746284,0.06013997057496123,0.6874756417383725,0.5756142921068524,0.24570556697313817,0.5026023936558489,0.9936381072983402,0.22364988999427093,0.7423802871911095,0.8297891281647446,0.006344725797759576,0.17232382235669153,0.6860301172995247,0.3223077754602639,0.035991031894547,0.8892904160183777,0.8013552658645586,0.05519892093062817,0.31099149492204703,0.6962026762981953,0.9824943439164141,0.11452381038503423,0.1456300427575974,0.7640536372667386,0.6219786264033867,0.6889039046942014,0.6659373032759235,0.35262801091859586,0.10731312910703228,0.3991868717360042,0.5977050686828527,0.12499085444578195,0.22212780548516442,0.6125689664831478,0.8790484053358646,0.2873280559537721,0.18940246569149843,0.30123532290110944,0.9600937902272517,0.0043572300384739915,0.5822785451885224
