IncidentId,EntityName,StartTime,EndTime,EntityType,BGPDown_mv,BGPDown_pers_1h,BGPFlap_mv,BGPFlap_pers_1h,BGPGlobalShutDown_mv,BGPGlobalShutDown_pers_1h,BGPHoldTimer_mv,BGPHoldTimer_pers_1h,BadOSVersion_mv,BadOSVersion_pers_1h,BgpDelay_mv,BgpDelay_pers_1h,CPVPolicyFailure_mv,CPVPolicyFailure_pers_1h,CpuSyslogErrors_mv,CpuSyslogErrors_pers_1h,CpvBackup_mv,CpvBackup_pers_1h,DefaultRouteMismatch_mv,DefaultRouteMismatch_pers_1h,DeviceDataPlaneDownBGP_mv,DeviceDataPlaneDownBGP_pers_1h,DeviceDown_mv,DeviceDown_pers_1h,DeviceDownFlood_mv,DeviceDownFlood_pers_1h,DeviceReload_mv,DeviceReload_pers_1h,DiskFailures_mv,DiskFailures_pers_1h,DupDeviceName_mv,DupDeviceName_pers_1h,DupManagementIP_mv,DupManagementIP_pers_1h,DupStaticIP_mv,DupStaticIP_pers_1h,DuplicateIP_mv,DuplicateIP_pers_1h,DuplicateSerialNumber_mv,DuplicateSerialNumber_pers_1h,ExEraseExecutions_mv,ExEraseExecutions_pers_1h,ExceessiveSyslogs_mv,ExceessiveSyslogs_pers_1h,FIBErrors_mv,FIBErrors_pers_1h,FabricDegraded_mv,FabricDegraded_pers_1h,FanFailure_mv,FanFailure_pers_1h,GraphMissingMgmt_mv,GraphMissingMgmt_pers_1h,GraphMissingSerialConsole_mv,GraphMissingSerialConsole_pers_1h,GraphMissingUplink_mv,GraphMissingUplink_pers_1h,HAFailover_mv,HAFailover_pers_1h,HAIneligible_mv,HAIneligible_pers_1h,HSRPStateChange_mv,HSRPStateChange_pers_1h,HardwareErrors_mv,HardwareErrors_pers_1h,HardwareErrorsSev2_mv,HardwareErrorsSev2_pers_1h,HighInterfaceLinkUtilization_mv,HighInterfaceLinkUtilization_pers_1h,HighInterfaceUtilT0T2_mv,HighInterfaceUtilT0T2_pers_1h,HighInterfaceUtilT3WAN_mv,HighInterfaceUtilT3WAN_pers_1h,Hw3Drop_mv,Hw3Drop_pers_1h,IBBandwidthSpeedMode_mv,IBBandwidthSpeedMode_pers_1h,IBCongestedBandwidth_mv,IBCongestedBandwidth_pers_1h,IBLinkDown_mv,IBLinkDown_pers_1h,IBLinkErrorRecovery_mv,IBLinkErrorRecovery_pers_1h,IBUFMTimeDifference_mv,IBUFMTimeDifference_pers_1h,ISISDown_mv,ISISDown_pers_1h,IfOperStatus_mv,IfOperStatus_pers_1h,InterfaceDownDuration_mv,InterfaceDownDuration_pers_1h,InterfaceUnsecured_mv,InterfaceUnsecured_pers_1h,JuniperSSGStateChange_mv,JuniperSSGStateChange_pers_1h,LPMUtilization_mv,LPMUtilization_pers_1h,LdpDown_mv,LdpDown_pers_1h,LineCardDown_mv,LineCardDown_pers_1h,LinkStatus_mv,LinkStatus_pers_1h,MaxprefixExceeded_mv,MaxprefixExceeded_pers_1h,MaxprefixThr_mv,MaxprefixThr_pers_1h,MemErrors_mv,MemErrors_pers_1h,MgmtInterfaceFlaps_mv,MgmtInterfaceFlaps_pers_1h,MultipleReboot_mv,MultipleReboot_pers_1h,NGSDuplicateStaticIP_mv,NGSDuplicateStaticIP_pers_1h,NGSvsLLDPWAN_mv,NGSvsLLDPWAN_pers_1h,NGSvsLLDPt1t0_mv,NGSvsLLDPt1t0_pers_1h,NGSvsLLDPt1t2_mv,NGSvsLLDPt1t2_pers_1h,NGSvsMSAssetName_mv,NGSvsMSAssetName_pers_1h,NGSvsMSAssetSN_mv,NGSvsMSAssetSN_pers_1h,NetscanBadDevice_mv,NetscanBadDevice_pers_1h,NetscanLinksMultiple_mv,NetscanLinksMultiple_pers_1h,NetscanPayloadAlertPaths_mv,NetscanPayloadAlertPaths_pers_1h,NetscanPayloadAlertPodSetPaths_mv,NetscanPayloadAlertPodSetPaths_pers_1h,NetscanPayloadPaths_mv,NetscanPayloadPaths_pers_1h,NetscanPayloadPathsMultiple_mv,NetscanPayloadPathsMultiple_pers_1h,NetscanPayloadPodSetPaths_mv,NetscanPayloadPodSetPaths_pers_1h,NetscanPktLoss_mv,NetscanPktLoss_pers_1h,NoGoldConfig_mv,NoGoldConfig_pers_1h,NoSysLog_mv,NoSysLog_pers_1h,NonProdWithProdTraffic_mv,NonProdWithProdTraffic_pers_1h,NtpError_mv,NtpError_pers_1h,OSPFDown_mv,OSPFDown_pers_1h,PfcPauseFrames_mv,PfcPauseFrames_pers_1h,PhynetFCSErrors_mv,PhynetFCSErrors_pers_1h,PhynetInterfaceErrorsCountThreshold_mv,PhynetInterfaceErrorsCountThreshold_pers_1h,PhynetInterfaceErrorsPercentageThreshold_mv,PhynetInterfaceErrorsPercentageThreshold_pers_1h,PhynetInterfaceFlaps_mv,PhynetInterfaceFlaps_pers_1h,PhynetPktDiscards_mv,PhynetPktDiscards_pers_1h,PingmeshPktLoss_mv,PingmeshPktLoss_pers_1h,PortExhaustion_mv,PortExhaustion_pers_1h,PowerSupplyDown_mv,PowerSupplyDown_pers_1h,PowerSupplyRedundancy_mv,PowerSupplyRedundancy_pers_1h,ProcessShutdown_mv,ProcessShutdown_pers_1h,QCHardwareDrops_mv,QCHardwareDrops_pers_1h,SNMPHighMemory_mv,SNMPHighMemory_pers_1h,SONiCErrors_mv,SONiCErrors_pers_1h,SONiCSNMPHighCPU_mv,SONiCSNMPHighCPU_pers_1h,SONiCSNMPHighMemory_mv,SONiCSNMPHighMemory_pers_1h,SSHReachability_mv,SSHReachability_pers_1h,ServerPingmeshPktLoss_mv,ServerPingmeshPktLoss_pers_1h,ServerTorFCSErrors_mv,ServerTorFCSErrors_pers_1h,ServerTorInterfaceErrorsCountThreshold_mv,ServerTorInterfaceErrorsCountThreshold_pers_1h,ServerTorInterfaceErrorsPercentageThreshold_mv,ServerTorInterfaceErrorsPercentageThreshold_pers_1h,ServerTorInterfaceFlaps_mv,ServerTorInterfaceFlaps_pers_1h,ServerTorPktDiscards_mv,ServerTorPktDiscards_pers_1h,SnmpCpu_mv,SnmpCpu_pers_1h,SnmpLoopbackReachability_mv,SnmpLoopbackReachability_pers_1h,SnmpReachability_mv,SnmpReachability_pers_1h,SnmpVoltage_mv,SnmpVoltage_pers_1h,SoftwareErrors_mv,SoftwareErrors_pers_1h,SoftwareErrorsSev2_mv,SoftwareErrorsSev2_pers_1h,SpanTreeErrors_mv,SpanTreeErrors_pers_1h,SyslogOutliers_mv,SyslogOutliers_pers_1h,SystemUsageHigh_mv,SystemUsageHigh_pers_1h,TCAMAboveThr_mv,TCAMAboveThr_pers_1h,TORReboot_mv,TORReboot_pers_1h,TacacsUnreachable_mv,TacacsUnreachable_pers_1h,TeamdExpired_mv,TeamdExpired_pers_1h,TempSNMP_mv,TempSNMP_pers_1h,TemperatureErrors_mv,TemperatureErrors_pers_1h,Tier1TrafficOutlier_mv,Tier1TrafficOutlier_pers_1h,TooManyT1sDown_mv,TooManyT1sDown_pers_1h,TooManyT2sDown_mv,TooManyT2sDown_pers_1h,VRRPStateChange_mv,VRRPStateChange_pers_1h,VoltageError_mv,VoltageError_pers_1h,defaultMTUSize_mv,defaultMTUSize_pers_1h
4523,0.01990719133953256,0.8774350460610921,0.8299015778286084,switch,0.648864939980354,0.5974605465803543,0.30701093852555816,0.4870088146452697,0.291515926791707,0.20436574338596702,0.3421951969264969,0.284853874604275,0.9379955235998322,0.5292383138535695,0.8243165009199819,0.5519696738052593,0.09098943978273899,0.3483351085484784,0.2617307518758698,0.5328426928661513,0.5384500082024564,0.6778024714212357,0.19002017587757436,0.9574225365568056,0.8833364801346825,0.47523758551846906,0.4618624141070503,0.4497124198532083,0.3277139250663832,0.01734731290841407,0.6054914387789698,0.6620335051238484,0.8650975292236761,0.8022709471578382,0.9309310172726559,0.621047378645817,0.5115278725184903,0.4165359860203439,0.6415328427891136,0.33258446303767764,0.14837853702083437,0.42761310441923794,0.12382522023436704,0.9234926826568675,0.14906752667686296,0.09146861127169947,0.9082519589869832,0.06927100275759479,0.859354822888861,0.8371412881799271,0.11181236294415797,0.0035846734106274036,0.8543712796989832,0.32478331122806936,0.2834888347734311,0.8365022860558551,0.552583654399562,0.3435876623328378,0.8006194320020393,0.4792130433634513,0.27487397092820653,0.9042020331651869,0.09959004430021756,0.40549541157468594,0.14666464830617187,0.33515662075148756,0.05199378445528813,0.274892894255512,0.739409793425944,0.6431204374766072,0.6238633036537053,0.2095226396417843,0.739325101726838,0.5766398147841514,0.803438121569908,0.3015944788678858,0.13476500983661222,0.1744068224393076,0.00508196411577333,0.834047349861968,0.07272343085952815,0.20725968804849693,0.08612542864824346,0.5698864876583221,0.7846674357499939,0.7237744044717187,0.22285436527148372,0.32228557973671845,0.2925229727284512,0.4661969966420325,0.12694469577755552,0.9619927644273686,0.32982031096495157,0.5994706656263056,0.740918220414005,0.13980879254700884,0.2900536604070686,0.9465198664162011,0.8683304104753687,0.2799326459170651,0.8383977587927209,0.5325652697893367,0.11306280062859919,0.04556286222469064,0.9337628688090596,0.19694740986483505,0.8467888337796587,0.8194919875970517,0.15553860192358648,0.22062787124134697,0.821274568510413,0.42922342684557435,0.5490367507571525,0.10083229896145973,0.10465647169769565,0.6063185102729057,0.1464990114835656,0.4701677299065117,0.09368882853798188,0.018060715386555848,0.5432853020578728,0.18829098733676586,0.9717959089177165,0.31190183338240673,0.7248802386777249,0.3401176056566838,0.24798453175918578,0.7952820703745493,0.041061472273323574,0.4941337417876013,0.354532311865032,0.6760589783634067,0.3870354937190277,0.04929951361392215,0.8769229039289793,0.738625752070827,0.9373808880296374,0.4215104414080234,0.006584428977397083,0.4304088397068455,0.7255932823824643,0.29263064725496124,0.009561335527572101,0.02200379165760924,0.9060799021839384,0.44710070977024163,0.9175276882734064,0.06578442478807534,0.9297056923805517,0.4920935664717532,0.42686041378587813,0.8391324519934096,0.869666271123661,0.4873784182604812,0.9281321182035548,0.0005664419187396685,0.7695129353255316,0.1988295472936632,0.7545692945306922,0.38137089792552925,0.862831019855417,0.5229889249472145,0.5138811390970416,0.11902763321339804,0.6960412766216038,0.41358701886532934,0.4723485354500191,0.612748313568068,0.5517806633823187,0.5311612449028282,0.5924565539884515,0.3945641769943725,0.5296098996472873,0.4968797198988294,0.3861972112292881,0.352209513263416,0.3899552045304686,0.939899590830839,0.21326611506143012,0.392963956992352,0.8666186925852369,0.9094098233789906,0.9664864744352712,0.9275790427371398,0.6140901595371301,0.913547235193179,0.7563865443777376,0.8497726765665297,0.4713313315706915,0.2650801517211211,0.5257430829870687,0.05407636516966452,0.7037489838412275,0.2075552565926797,0.9685218798863124,0.26526135496880365,0.08314253904146329,0.2550468823526314,0.7273592364157881,0.29417017970529546,0.3957612574815337,0.3070787177764809,0.16817735963657365,0.6816956515460537,0.7692213077893385,0.6223051495271402,0.061449680517116745,0.37247778797341424,0.5936303723395604,0.9386809640929737,0.13326014918963336,0.5176343231101007,0.8101581999733553,0.2806702340381779,0.6693320243233373,0.255323399663406,0.7978199974100456,0.8745433168412348,0.24897509394060857,0.6154603690958899,0.7217492129709753,0.3772453963146458,0.8691389037353204,0.5980529977582649,0.6226650480500533,0.3534373070298811,0.690379406579284,0.08109012883002864,0.1651967423999926,0.421573437638039,0.23010419142917093,0.5951229638506033,0.02917587507900865,0.6027346368910664,0.9919655761732844,0.0733005853337172,0.22736908229992503,0.08786845850249492,0.48297781296603093,0.776119839811045,0.32381545681711454,0.9318231577140726
4523,0.7026923486833251,0.03219738332124622,0.6423677564720531,switch,0.4331566708031389,0.9733402265445562,0.0122010949980621,0.20021832705623066,0.6511750689480618,0.8695420336425063,0.8394614487617291,0.9154899145655989,0.23943181166131344,0.41533162784820066,0.5089172183242754,0.8724706882599395,0.291712383011967,0.2057449052276974,0.5209968026919621,0.19702799753251543,0.51218242957214,0.9081160532096776,0.2521454867354521,0.7191533030280018,0.4772748192335149,0.346947328199514,0.5234686297467062,0.41729640189363404,0.4220375345891675,0.2062172799118207,0.5015363102078025,0.331398608942581,0.2908873512964788,0.5563167633222112,0.36757637076551064,0.05832636242488287,0.8326835390898244,0.4561604645291609,0.3109505723753211,0.4442818687955027,0.9706565701084461,0.9518177240625714,0.7330810125995889,0.39684651394213943,0.658692786211746,0.2121516378460866,0.38689602299946013,0.4966246561855615,0.5843638962284436,0.15141771724415443,0.8640965216162565,0.8445879884807989,0.6080462980923731,0.17482364224216473,0.07135058557322227,0.3421066474946062,0.606191239215336,0.71665398022187,0.6294212017328739,0.7672756191230388,0.07501917047230511,0.5322011315778448,0.2905364762097351,0.628215185449816,0.37517152584141156,0.5845943426424949,0.6133246188970748,0.16318678570593959,0.1967936427478254,0.6011488405709303,0.2662990707944899,0.2262907037338091,0.676116235007354,0.2235818959769379,0.35612455483182903,0.5057846326799745,0.982798715108064,0.4343367713855084,0.10363865340040856,0.6689943031987837,0.09378952336386337,0.07921491075734954,0.518643649890779,0.74371768449983,0.13264386805690764,0.014922238342402139,0.040371492074893545,0.5447063185126605,0.5307145619845063,0.6395596433654047,0.880158101330568,0.605010333646713,0.4335448069511916,0.9897252235077546,0.8134309911319308,0.6989259466678492,0.2596239373359229,0.32803990522098003,0.8133161329390193,0.19773996666843963,0.8572589095453896,0.8577339845710008,0.7803874247502757,0.2745017064797729,0.24773169571184883,0.79734328789948,0.7869974375416349,0.8167453272319196,0.718187339639391,0.9217896714985447,0.9273351157921358,0.18605706003934885,0.06725015513250254,0.3156127900832245,0.08133143385737485,0.4955164126579549,0.6601596293835583,0.34035642419774903,0.45625353318205797,0.13656652581968998,0.5240576084636369,0.06463904905168649,0.10193672121765274,0.5644294976148788,0.8825480078646369,0.8016705594569086,0.4688098526713338,0.21608610789242932,0.5676768434250495,0.9279093120990153,0.7949895087828488,0.14264251362591496,0.346782993993632,0.5271694613428486,0.4561325504466264,0.18265637987564365,0.9947517938163083,0.568612901918985,0.9342744737952786,0.026777368466598617,0.7782651557021651,0.8247273204673053,0.9197931854905674,0.9743950762808685,0.4261964638968545,0.409502297470807,0.4429561082158844,0.25216698681450056,0.834465926445279,0.5134813846879517,0.4350110607149983,0.9359475803318537,0.9330855556091826,0.22498591003170154,0.001072645070008038,0.5165674354844537,0.17166168847998686,0.42031076174256643,0.41317728534488196,0.3381498378617265,0.13766806974908297,0.8695834498648005,0.17181434977728383,0.38393261067003437,0.3802880922006281,0.08172501552058287,0.3513838318922321,0.9131910393637753,0.7736028654390376,0.24457158596458584,0.30494715363416225,0.7130957786718883,0.13148608932120043,0.04800962752501903,0.508822730437792,0.8448634000539408,0.8298691951403853,0.428015159470408,0.8417362647211935,0.27806260679977246,0.6243752169461012,0.40935180151613304,0.1761161926204401,0.5389713963776291,0.4188055352839669,0.7151199232308895,0.6841173838905049,0.8897454355946706,0.07126840950676505,0.11972378275251017,0.44301621272618774,0.041822474187121594,0.6673970104791203,0.7879892735861599,0.3925812245503404,0.9922810992682695,0.9409254636647592,0.27854426902131446,0.2779946884455886,0.5692728347754722,0.4535148270861724,0.5848678195043018,0.46162101189621796,0.5879318629901673,0.7080212369564833,0.23777728058840508,0.5062198936404214,0.8013837280170751,0.7077739591704134,0.019353538880541254,0.382637891908287,0.5644845939604047,0.9937431425473576,0.4722947574674302,0.441590485006503,0.009772897568429584,0.7010438285200562,0.14760667763038793,0.41261749978174056,0.6903582838269053,0.5641777759250793,0.564071001067783,0.5183428813730059,0.8729117177044818,0.9162325910307876,0.7648996422120379,0.9817119048823627,0.02748904442177602,0.08108576556654568,0.15929737760178564,0.3296636765308636,0.6448342646236543,0.5955435267178747,0.24780382320101102,0.24502395634195495,0.5494289494460538,0.14474589692032058,0.6142003735901705,0.8784144467569911,0.5093072458116389,0.30913247689012,0.9867555938143417
4523,0.010156903044081012,0.9854663402628443,0.8836552739655854,switch,0.8129651054354174,0.9106978266303631,0.7638877809483254,0.5599827900454288,0.15393826319573856,0.6059096401965336,0.43432573394279084,0.7679906003843486,0.49842919589799306,0.6879681330017976,0.5495862141765342,0.08330452842882718,0.9988755506976337,0.9545813888982935,0.9988082906006649,0.61683547018045,0.03909611147847347,0.434460336816454,0.08699061174768086,0.2897100573309217,0.16092884971214072,0.49691397292214035,0.23529246610805543,0.41542768990843626,0.6319329937888516,0.17474304781444194,0.36820321917518595,0.9200114470760066,0.35209610312800776,0.6574418725373489,0.26353727014622075,0.905829416875865,0.18251069479563997,0.9951590362729964,0.8520520891725687,0.6117243214567971,0.8363646493574804,0.9763714065171631,0.9506086749954786,0.12283908632202312,0.6262433369261743,0.28510901551036405,0.0331805138736595,0.4105244783751968,0.16931086281336483,0.4185435031677279,0.7028570505803104,0.6875579124744561,0.3895308392137833,0.48141375492904437,0.862872364804355,0.5665696018362761,0.6983581994784831,0.492683168074171,0.5707815535393642,0.15958215949121313,0.13790696960157056,0.6913174795158631,0.1490846568549724,0.46719145029480824,0.3686600556638915,0.2751231833779446,0.2711430465583986,0.524537994261674,0.7793696467042324,0.9071789343287577,0.2009511541595338,0.22194659049236376,0.18037585593083938,0.6096133509270866,0.9985018977384494,0.3043924112820271,0.4012685536208611,0.688239525490121,0.3973595171965175,0.0498090149790521,0.7393767220566334,0.9164609945949157,0.1868346899819212,0.4442299972113163,0.6732047620572033,0.7823874859221248,0.31166771696143936,0.6764459645970313,0.09405284896264587,0.5566635600951196,0.7774967613161073,0.3599618832115631,0.8970755158210032,0.09572661997668352,0.711101117936079,0.5861145305961765,0.19772710397570625,0.22071785655901,0.01724098355453696,0.31400984229058515,0.8928083401783072,0.17704021213677312,0.7363163310668485,0.8076767519617462,0.20133448370643925,0.43959847322543544,0.2644692308172447,0.02937584918473346,0.6274319017838861,0.019356846829794994,0.8735558014301822,0.19476518203135051,0.7720592684086348,0.20107670336031358,0.8518205528467326,0.598298972238924,0.12423339408536516,0.4684353228931474,0.011277610372280589,0.6414793213981946,0.24333224949452814,0.46999935351677746,0.9829047151557815,0.12028366213464403,0.7062359944603687,0.9970417905902845,0.44055251342223156,0.7666399722956976,0.11336304894292859,0.45309555041543004,0.9383339715659627,0.028551002806011416,0.049374372481016504,0.7385264039589781,0.1557862100063463,0.28301023805028847,0.9463302398605011,0.7459937531875349,0.7362851891089273,0.7472480355122787,0.4316944860882552,0.08132752361916884,0.4279205962341258,0.38563462254364533,0.27418464218399785,0.5351370483248573,0.22302677241209679,0.15024608446620036,0.1934585198483062,0.3624726271250336,0.33541757933780336,0.5477395813589648,0.3368386162048058,0.5860541097934788,0.9828426793389059,0.7873671966628392,0.959031691962883,0.8877092750860234,0.4982900474498121,0.16071037744944838,0.7229803248524838,0.7351973357874743,0.20923486218155252,0.02054971270938133,0.10861806767410553,0.8162232178291375,0.4007691316431694,0.24259187228581425,0.8171011533329606,0.11984275321340465,0.39484336474144455,0.8861986434063251,0.14987535842329636,0.6512412319225572,0.8354006588689479,0.587808706621245,0.37694104420117613,0.1280158782588665,0.5116263766459097,0.5676773700992688,0.9072823587813138,0.08637289808024262,0.6966782661708676,0.2692181943794655,0.5797968362577817,0.37066179409916544,0.9366198438074603,0.974873104762881,0.8853875520580262,0.6892028700392808,0.8034872442049016,0.16509246664552957,0.46858852889569746,0.9811131990257398,0.8426659723928289,0.5936810744141578,0.8490110117117485,0.6054241973897898,0.4878324166981366,0.7771012034791364,0.13589886493482495,0.019146405709059566,0.5116962725880052,0.8102661649449002,0.22132082008135656,0.010320139560608288,0.3128532059267497,0.7589025710242784,0.5723614311805423,0.06748727033388269,0.5078847156592475,0.360175241474728,0.7788611263763241,0.5325605065042722,0.41979616653371343,0.6517153239310394,0.3488717073934039,0.7671257377582359,0.4129008748113415,0.27225958062324773,0.48895364056826873,0.06322970028449681,0.671787979106564,0.14709665912096725,0.37677631804946676,0.8063618915103058,0.5044196586677977,0.9960704836323778,0.1604558227568279,0.7067640946422631,0.9432386322962455,0.25483651403793084,0.9719667844531715,0.3105887810108914,0.5011359017327908,0.268962310043354,0.3769678905846361,0.23542927419703719,0.648755875761199,0.605765483775708,0.11688926064481142,0.1816333985157048
4523,0.736191193243809,0.845449161425274,0.9196541073363542,switch,0.3639779342740641,0.39920714869670804,0.5475400618815359,0.13210072214616453,0.3795472447896726,0.5258855110655438,0.20545746952658617,0.13887175860491396,0.7077645690848754,0.40721284018279214,0.5290674037363452,0.4363964423397261,0.6349312260869231,0.999623337524651,0.44991284320999647,0.9738887120935262,0.07825428742674667,0.4458304799794258,0.3077784006081986,0.20329342166011277,0.11498022879141545,0.7202749542055463,0.7020982046040016,0.2751104082608473,0.6860892650985057,0.3965033740557249,0.3028195190222326,0.6622490390097651,0.06649167240894116,0.9340214270904796,0.30939110245454815,0.1423680758453174,0.2190930874835023,0.6434401091113398,0.6356275527102923,0.7399779016166332,0.7160247406563228,0.2766473937983571,0.29945851893926256,0.6591020108390353,0.947622127044329,0.8199563295401143,0.1462442216393839,0.8228933695291586,0.8541599541743268,0.456318781278256,0.8739086720616647,0.34908455951608064,0.8004861280148077,0.23822933999628992,0.2802144496099489,0.039302036857765676,0.5019917367684714,0.23255251044564185,0.6940963102880326,0.6778217273040484,0.26255515171186095,0.9500000307408029,0.9776213479198557,0.12602885900983785,0.5758452237651813,0.410728709223507,0.7922351647606244,0.798539861939251,0.10216067614593372,0.2550647688980904,0.20529733760905222,0.5569787119842936,0.9110211332794379,0.08329739180817175,0.8718852260889831,0.8658268706688119,0.795032768734294,0.40111586570657676,0.6242371199906637,0.9003125000504476,0.1813690814180654,0.8871446109938724,0.46256578211595456,0.2343514585489309,0.5337251081364129,0.12678541488659456,0.08865887246318915,0.21939238413138995,0.025638209333719852,0.60351827838368,0.44409808714235366,0.26611210100550553,0.8730282888924149,0.4982750796161459,0.4787767338084852,0.9255865082811049,0.2446286854132711,0.608990341931123,0.8713171957657772,0.4107149952238125,0.7580006622260904,0.6351081416559278,0.37462607425848793,0.9736330366663393,0.5757595257031585,0.25284284726898754,0.3092954688220487,0.9048502341791305,0.6780477325260523,0.8630713473040743,0.12735558910829103,0.18263900100093033,0.4859217122766879,0.17205193698357657,0.14038214134063154,0.7377723074772357,0.0831118971279553,0.2316752117138452,0.7322389195656832,0.7417403926131719,0.7170476069026206,0.5290806300050946,0.7807884576136884,0.8255182224408503,0.1046838490172809,0.9926477183632321,0.8118398634186262,0.34279500577149813,0.681536408675408,0.6814405928838967,0.9674629601865709,0.4156022472744151,0.44726300838684396,0.6793337489591078,0.03627194217098495,0.8909703491013802,0.6844802396521756,0.600227711261069,0.44117510361004697,0.8578915931135991,0.1819022152354106,0.10311879784644562,0.42080768376873423,0.2276283961900165,0.06180447116779553,0.40837097810658063,0.67579873560138,0.04081486554508784,0.9168040729136976,0.8606925049527931,0.19340287324184324,0.0681987124110136,0.6382142968381729,0.3822859242979889,0.7879053515730832,0.5985291059051733,0.2186329283684978,0.6480397100049908,0.36707392531867156,0.756904288526477,0.6521561232357687,0.16038289387097315,0.05293280841748649,0.14686933681994851,0.9768946100013018,0.9924716208925972,0.07667095839950333,0.614233656797861,0.6306284753713757,0.9189352022778331,0.3088404317067367,0.2717991212936963,0.4144007324206507,0.2235450069406515,0.14349427492783562,0.16524886057558286,0.6820853527641806,0.9402547499189208,0.0386523066008978,0.5943972280857595,0.37963474405171216,0.7292082082923675,0.760502500214327,0.06285034466441286,0.7017809195138739,0.18385328713483728,0.32368399687269933,0.5415633981914688,0.5300611194004321,0.4170190783516017,0.07254287281507588,0.2075125762550516,0.29415564522012516,0.16492764303826102,0.5407624050508978,0.5576071550776879,0.18118871281749227,0.7294376719078444,0.8572699683123648,0.392868459880936,0.15262575884685248,0.05526153865947714,0.6795409880671323,0.23831970311537976,0.6492972107560251,0.6926827394294203,0.7038778276680167,0.9956127132337181,0.9661227200122778,0.44321461624049363,0.5797535991989602,0.12276709675812192,0.9748749958085199,0.8229259631202412,0.6033497460616795,0.5959587654645425,0.7755042579250594,0.5262240496370404,0.9642783135474812,0.1825177741952222,0.03991986455325347,0.9081237192041873,0.9900900208546991,0.6183069438898848,0.2502016053841145,0.3046154110735222,0.07925061966872515,0.9602498291985748,0.7117032042006869,0.005387508002570707,0.461416796913396,0.6974829377724814,0.7361822504770177,0.17287489784289023,0.5721274269939159,0.7722086568265311,0.9484635218137021,0.9345765183568197,0.3500650051389521,0.9377860754996187,0.9736866741585353,0.7687281534935585
4523,0.25606309295582064,0.8483426243648636,0.5682323550455658,tor_switch,0.8136902578021856,0.9037436738291762,0.5231793804240401,0.4308499901910766,0.7635558748972772,0.13059625710065514,0.06553312481404516,0.5951040551355086,0.998810931323852,0.04896431889549635,0.7434559627166013,0.1883852693285879,0.11115207112298042,0.7211009508996532,0.15232512121190456,0.9844136663104229,0.9495709549801139,0.5144179342985161,0.7918685644615219,0.4102438633224559,0.30586596327482174,0.4664362900744754,0.9952676081213682,0.8287666765159516,0.6757447942192277,0.013394350536483302,0.8161837501440072,0.7000300186007854,0.5938697162338445,0.8256833871838213,0.7895309708442485,0.9040405486137006,0.8350280142757749,0.601870088873782,0.15335882796987954,0.6551362048413881,0.739426906249344,0.3565921099010033,0.16621591330234908,0.195535728550307,0.6147309724986202,0.020130270171116016,0.6151242012925603,0.5549765190124611,0.9036020455299788,0.36357923542750625,0.4290801306835065,0.20605992517008653,0.43346067600482663,0.6861532143415519,0.8534064271600073,0.4911150928300927,0.8406377860942509,0.47512873466807226,0.14255372242914144,0.7309834868397144,0.7237993888139097,0.16730462616254071,0.8066071998200421,0.3319657278707705,0.92668945548101,0.36224057641053387,0.16531019510434097,0.6551179825597334,0.6061345038787879,0.5382346632274585,0.9130569687954265,0.6984490013967034,0.8960642458351528,0.5030741395010162,0.1732627348931255,0.2903325965536411,0.5593175265151306,0.8826171192561639,0.5526030602236931,0.24685520334210542,0.9254314456527033,0.5686104250004146,0.7039226847212943,0.8422592332989005,0.4958290910226182,0.2294413594962874,0.05434253034978753,0.26539716679840664,0.6084316178565592,0.07570671444340038,0.8676004669204551,0.3345891070790269,0.1384265269931645,0.8821301263024651,0.8559484817217133,0.7148485662861154,0.35276752981299575,0.16494913279915746,0.6941492976876434,0.7536893796023142,0.9397238379976235,0.5017271850218784,0.3199894306061466,0.563447430165901,0.10486531579130476,0.7589481752406697,0.6774629778307792,0.31468944097259033,0.689556113652498,0.431531095539901,0.05530481834306866,0.9767822337270688,0.3662206375761664,0.12210208369798126,0.9334332668467593,0.10724556387288453,0.28707924217656144,0.5032198359497265,0.6934311401261569,0.6456199901801726,0.16007363456161516,0.13513597510284892,0.9723778270249056,0.6027834548911875,0.9812139887544302,0.30505391122320635,0.6813527611046236,0.17460754473051576,0.5770588962975631,0.8448660982954882,0.6653516172145667,0.875471078392251,0.8262130382281583,0.5261006775554746,0.1532613426642767,0.9157093584448689,0.11234985391496755,0.8371125789683784,0.9476418102950166,0.3193006498040233,0.5500044256358042,0.08618149418864052,0.7103047513061316,0.5931094168256323,0.7493311056515205,0.31053899059198975,0.645549420513314,0.4554483601963396,0.852806289873282,0.637735859952923,0.8384262466984435,0.9718854971140134,0.11038429362901236,0.8663368435056134,0.5406010600947931,0.34452929475796124,0.8001627465859508,0.44448896483748157,0.718144663512864,0.8262282202155221,0.6137595860165217,0.36635809752938175,0.2973336991823401,0.6376119730156814,0.26846654597907893,0.875865089023387,0.3722970280812504,0.46648009015529235,0.5240540846261409,0.7871783842462224,0.964489227917421,0.3474313338819367,0.5376535980256266,0.6529791572529634,0.4329014065209206,0.8981750238097702,0.8876840068544073,0.43006080571393845,0.8851280083221537,0.9649987895289579,0.7474037581077466,0.6026610799786012,0.5781426931061935,0.7766278131982325,0.44766744646609313,0.3276668782925015,0.152730346518531,0.06036416272472045,0.5680862165731331,0.98727141225849,0.2740803068389024,0.9715748504425968,0.48922697836415807,0.6033612424420453,0.9469247212376916,0.9520256048137864,0.45536751788643326,0.3002505013847616,0.6802019155255133,0.3953670315299942,0.0754421629462595,0.0033458585542995856,0.1960725221113867,0.4041074526602775,0.36801158532327327,0.9289680695211809,0.4666673277085971,0.6673848189481049,0.7798203562593078,0.08674509034066868,0.17693083478232252,0.4557473024566895,0.6556483942476586,0.9517192353353868,0.06539945200262443,0.3287117415748376,0.7156889531431312,0.004919695963997217,0.2178041080886144,0.4700526658674723,0.6936989398439136,0.6590394364706442,0.09176462309981226,0.7975507240728281,0.1994301187286709,0.6827216119166627,0.7058483272291803,0.7619720615544452,0.6626321614830666,0.42521545293815033,0.8385708840156371,0.08954500225805573,0.6777169132576126,0.34797751824141054,0.26970421166636993,0.16616306280252402,0.7156439029524518,0.6715018782016726,0.07426331484751025,0.37002571041069743,0.20614926846265014,0.5947892707219277
4523,0.24894473092947855,0.4193881980087095,0.6138410607365256,tor_switch,0.8961052566536771,0.15445321956106906,0.005964823704752598,0.9547668429581503,0.5205527854130563,0.33255884783208367,0.17853520261390776,0.01280843143188326,0.37051918755965707,0.36363255247228876,0.9968596701586968,0.12854611218015022,0.01439932403134625,0.46204037025665223,0.9385465099986577,0.625040270471135,0.20538207705800893,0.946612526036809,0.15364726793145422,0.45146786293414076,0.9742130539832293,0.0032325377338712213,0.6887915788765241,0.20136013545230458,0.6445029640218145,0.7409914905200561,0.9337741537068099,0.028149224305423326,0.619394565975566,0.328824417883093,0.2459994957015279,0.9288493290851311,0.707257521520221,0.9423680604335416,0.8652114321688306,0.7261211588388878,0.4593082573984274,0.9306455139708992,0.08093712996171654,0.2681856132292053,0.7568351807196672,0.8990516437218968,0.37480494555781796,0.444328764189139,0.2826843264780935,0.5541999989682913,0.5666419636294941,0.7040616560825964,0.5986214329779095,0.43213122684266236,0.8334611749849362,0.5243355770037071,0.6014153532451642,0.16289919636170702,0.4705282847870952,0.7350834163742989,0.4537924778320448,0.6109013355470198,0.7931969195324511,0.229436238978042,0.37644490685554,0.4809323449660181,0.6707618505469978,0.023449624692393978,0.2191483414993337,0.7496448803442771,0.24819078721205845,0.9518760579962819,0.8706773835449675,0.3606533735363564,0.8449320108489871,0.850233969220559,0.9828858024372804,0.38777358207723267,0.7169643592168884,0.006784774437154084,0.1305753472476361,0.8709899840606611,0.5420366150102133,0.8356622057529143,0.7874898636331106,0.8669291346848781,0.004130853831157744,0.4617863647980145,0.762115452907305,0.4962400377335666,0.984296112739733,0.8416585503068792,0.32420656598374487,0.8701130092925122,0.4509352953831762,0.9744869364468255,0.48345818091721804,0.6479811931339463,0.31538222048875075,0.14772095895975013,0.6212061221173755,0.441534961428108,0.08368652450928515,0.056631908979035916,0.9174465188343381,0.30032999079844624,0.1860551633587043,0.9802956220236019,0.5394040160150197,0.7583738629871031,0.6154161411709065,0.3622925728738464,0.2138611178259192,0.2553084205332481,0.7160486564790279,0.6648959360952276,0.7797376389943965,0.44994411577910065,0.023254958776199985,0.6439470087273207,0.8204259381548995,0.9078470621891148,0.507860745191577,0.9864080863930749,0.8060076349391594,0.7847210138426476,0.8733738933304294,0.6556966989961032,0.22470129388002802,0.3985496752862352,0.46304648497995127,0.5472982032346132,0.7047116175157067,0.2499452132775145,0.7162394235706881,0.13779184601935746,0.9297933742824666,0.8890102138160715,0.792438785829649,0.6202632705721945,0.9873011874370041,0.050663495336410236,0.29715378710589035,0.3657499250362476,0.5858413876153972,0.5918429070573399,0.912599739312547,0.16515486307823934,0.5924694350881083,0.47253809213350784,0.7745163563662294,0.32392332893981,0.41750119042535805,0.3683671759950802,0.06412266394628408,0.32498942344853365,0.09871254913443639,0.0888651191941281,0.27679635743357045,0.770972205223082,0.14756613243613126,0.5467609783072576,0.5043616879261028,0.5187644692774152,0.9929794675019556,0.9823918070062285,0.720414543482322,0.6827153738075836,0.919973362583409,0.23945320722208574,0.7863340683131036,0.9774972608851715,0.49506679354818994,0.5873308031977795,0.05325179420920845,0.4300266997568377,0.6031519399033916,0.9299020781849241,0.2188697410641739,0.13994834139208523,0.331060760259005,0.29299674675686616,0.3107517434681094,0.35578612811150834,0.6105531999096961,0.4433066841546641,0.4577017610216765,0.2349384879460007,0.3730107759691216,0.17747177847998852,0.20188681307434764,0.6702217418473289,0.20291881088592267,0.7796614203380007,0.4078113374573954,0.7641431013695671,0.5458578368890125,0.6278558333534139,0.04473962615880611,0.15889533384432641,0.34082860316536523,0.9400886936610479,0.21575400529703725,0.019124669466365707,0.12073094246429816,0.2095090659394151,0.5752121733470769,0.14686195807142255,0.32857268246192894,0.26509557571795017,0.0072514238575793755,0.089347373499013,0.5125946196448008,0.29847428624395045,0.5956812371959189,0.7630133387315575,0.7550955201787064,0.15284964276966317,0.1336360386198413,0.16842051657207902,0.6256785602590984,0.7062926584853919,0.9368042740432501,0.13756279670434934,0.7756055539672588,0.10861211069623478,0.5624148032013282,0.9171756008780674,0.8651894828623965,0.4926772133529983,0.9543127589337647,0.031668591222579257,0.03404416608383509,0.06071587420660807,0.7757849771262426,0.27617781283479304,0.7577410739491598,0.530504893827017,0.9580980727436851,0.5558219020879448,0.09238456208396428,0.7182332755356803
4523,0.7516789462014,0.44613559061788965,0.01568414753855829,cluster_swicth,0.7075357991932022,0.12529211047256672,0.3167411628913829,0.27086526065432215,0.4780997808279298,0.43618351826505086,0.13249837697285372,0.4207395495998453,0.6217617647247426,0.5336756127171571,0.9463849091159813,0.004407802915830095,0.32275782718804924,0.4635859531965123,0.5131407779389884,0.7973245539868964,0.3251709928416009,0.21278662436264728,0.5758068372290237,0.6637784342671359,0.7232609098048619,0.8773742188522525,0.1026176432975282,0.5424293743554837,0.9444392457050259,0.3440116822640267,0.747744096819431,0.711022213960218,0.6011847732046725,0.04745072930730354,0.2617863180829887,0.4971265630019973,0.2277382443703987,0.04631309836414976,0.3042538435421156,0.009631248404128212,0.5447444214920376,0.41287106680259933,0.9020223692258833,0.12811079876250497,0.24095456516009417,0.23323451096903036,0.37413974250430226,0.4164076651516656,0.480051888737687,0.25432522665673085,0.7075531632867134,0.08593356847929912,0.8748585728894959,0.6648522094803897,0.1778154124067336,0.21723960757198724,0.6710657071270498,0.7917810577630126,0.0990102664499043,0.8853428002484219,0.41728021436268115,0.8672719991138339,0.24223799830558412,0.34186819236662114,0.43755221343601225,0.18628459526384555,0.5635338680998109,0.037956372701964725,0.39574797510119564,0.1568529762001254,0.4631089271500962,0.4355134645824197,0.7719473775616601,0.11878645805508092,0.9367353407314466,0.7266618092224997,0.9093783447277446,0.7658489932438328,0.1645535141181652,0.5812494840394563,0.5232894123126131,0.8210361472968193,0.6583036975734066,0.06822262874822627,0.5168924345034491,0.4196720986283493,0.8675295209941599,0.9072867251438194,0.6821753539471122,0.2478938841463686,0.08695808139775019,0.44525041654150843,0.408810686365336,0.7012983235119217,0.8547127246146855,0.5088262976342011,0.8282605317371337,0.023972268275801234,0.9992303887384328,0.10732533359608865,0.8558732982540724,0.12243090374881016,0.5088631474561948,0.39451913876526257,0.9560018991926951,0.2910678103902019,0.6874660910400837,0.4210829245460136,0.14682555755092885,0.4710974262198735,0.6656581211503781,0.7007376495419961,0.6409662306344445,0.15436033564195362,0.9249627114752403,0.7750376844542822,0.9937660508168452,0.027278584770466296,0.9823048611134293,0.5325577923269826,0.24763941072472095,0.9873527239321999,0.6574311047951448,0.4912861119584372,0.7095594061564486,0.13094164187830282,0.9552868845464799,0.31709958460435983,0.9122966009377472,0.5486483004736576,0.3548485233290377,0.601294530820794,0.21084480429841546,0.41959327961337745,0.25505490828575317,0.49435225379753434,0.7774136371659032,0.392470024720203,0.9070767602469858,0.308376291498328,0.15470715021266057,0.8920603036492931,0.5925046820054704,0.34686889674566734,0.516340742669832,0.18878344722824114,0.9943507307725422,0.996348238062846,0.8879678035949323,0.6497652198596653,0.0545530996149548,0.23358437511341468,0.637389546062747,0.17499389439253465,0.8864311395815598,0.7564804397943153,0.9925686021198599,0.3993023706557888,0.4066422642327274,0.07851535339716365,0.42354374589002486,0.7221966479162499,0.031198264490090888,0.7302154472831464,0.034249522187321246,0.38780648989628075,0.13231183245871347,0.5645398901451403,0.06974873047856256,0.0913102148837317,0.062437666875802655,0.37745577551085974,0.5390064797878678,0.9039714122827182,0.6869029299563935,0.5834568625631188,0.7064092067698082,0.6219917827250601,0.2914185764305095,0.7182566526384218,0.31511720131053733,0.22766306683910076,0.9802724554668348,0.6722200980837176,0.9788083022089346,0.12491648092950969,0.7083113093162887,0.6868818211696649,0.5269828212854805,0.8170064848553457,0.8768440992058201,0.7911920858803573,0.45355693594967794,0.5363589304212178,0.9569658945414383,0.18655458952873294,0.3356294718759031,0.40478691403443723,0.26655924491151417,0.748649627476076,0.143335634574435,0.5245478579131713,0.9838937397995952,0.6258440023513197,0.28803944991724095,0.5600783296700305,0.3925921697409275,0.026035417950088346,0.9353020351780342,0.6383138470450576,0.9100265890857591,0.8052383107650835,0.7548761015176264,0.07588783276443245,0.9493686000571014,0.31084288044183284,0.11181296662825346,0.004555993435365946,0.5792913400623818,0.5072965464553736,0.17766851641624914,0.004561688081687998,0.5735586201973714,0.6209149963574906,0.6810343197486813,0.8062903302675035,0.07262108004155521,0.05787918445515594,0.1548659020495481,0.5371461736430677,0.411823831827108,0.7144456076334856,0.3574188042710581,0.6799932246828388,0.4161487235110465,0.38479066534451434,0.724650760627117,0.9550668604704453,0.6564182256159548,0.11293048394858518,0.33570422811513456,0.33996888480741394
4523,0.10199964740454859,0.8921351666755927,0.26083380314651394,tor_switch,0.15777386946315575,0.11728223064055276,0.363216643960381,0.6889493698670606,0.3934974795377393,0.5950117366765298,0.9869688298835905,0.23683837272782138,0.41856904832700126,0.4236677723203004,0.8739478638322881,0.3667145210859053,0.8778483643284204,0.5757670326853829,0.16980764200371679,0.6287516228172759,0.019673267436595587,0.2709129797848958,0.2477853060586137,0.05683589978750225,0.8486101634995616,0.6100665030383761,0.9349948314313538,0.8029845860216046,0.8078535792784051,0.8508933976039644,0.1934275364603154,0.5628024640833067,0.6913269839217338,0.5481986815574723,0.47071522682148703,0.3872506278936385,0.9663829983175382,0.2101811956335684,0.9435693131689664,0.6552202953115566,0.7439539654594886,0.8783024541977497,0.2461789282754281,0.6445896278053858,0.09397688401406346,0.4122494997050211,0.9302778309944623,0.400995307434466,0.7903038160830027,0.48216070601880645,0.2559824033831998,0.9536901783864131,0.6982924903856719,0.31089749226536967,0.391004425787036,0.3986900736382346,0.7452188050988361,0.799434183414984,0.6178120663217049,0.5479783968487384,0.21887515838294025,0.7421025461057158,0.22260759704081778,0.10003664222163566,0.8765395655496045,0.4690320944187546,0.5107827511350533,0.4007421186217246,0.6377805211527636,0.23005521884335367,0.49520544323059223,0.016425209144010133,0.7490010231361268,0.8150405856296619,0.3260335948160926,0.030172586933295498,0.01678875594942264,0.7769837938944902,0.6085851797826629,0.6385624575992658,0.6308621465985331,0.0678947413892359,0.2089780753469873,0.6962734564063727,0.8032615192849121,0.0946144972057672,0.8625574449597782,0.6745550901587063,0.38217882899896183,0.8006760144784382,0.3592881734906129,0.6377360871210954,0.3125641002844394,0.8612484795842836,0.1139393953983926,0.6884429406645927,0.1822642521432778,0.36765756047697573,0.18696096242984472,0.5863927106664918,0.2557342462035185,0.743458687202529,0.8017883486040982,0.36383881935720264,0.37742988563094226,0.15335324790776372,0.19711721886799038,0.29786227893883666,0.509914738631138,0.18080026009990013,0.801399131285112,0.5638669908755021,0.16443138629686882,0.8295680767984439,0.2575684969040025,0.8568365394426153,0.36316703178528664,0.5422380499731694,0.47114824482742523,0.4786299607276905,0.9569034088578678,0.8204080293948927,0.9315291613183773,0.4176470534753963,0.27775559094052504,0.055417360187803966,0.339518069157954,0.45403548005076033,0.9011868961737616,0.25840834534903356,0.8704269197150398,0.4675824385498062,0.48768716812776125,0.8892197041271024,0.5398678937441478,0.359994569273298,0.605642649824053,0.9329395855579119,0.35492910811574574,0.4076854149986393,0.46478872236701163,0.3643050520824309,0.35470698489335706,0.8824079735413096,0.9248920858377007,0.8350914736432146,0.47871794391643974,0.6657833789457184,0.8936884924386407,0.2254757869716515,0.7549592814413094,0.4079047739858025,0.32397321637568255,0.8100761624448379,0.06835996183315296,0.015222168043931839,0.9237654376734404,0.7668601004328663,0.21564744887960696,0.5442860029698129,0.06484868124843446,0.24077738787845515,0.8275457431541784,0.1096606961474118,0.003172797756190504,0.16875773353447543,0.5715761409402739,0.24780131336577438,0.043320638300247793,0.8568629648436159,0.4830236700578656,0.2744589309720956,0.5557929826487346,0.3127163658849894,0.27626546758944315,0.024793710671019098,0.9014410058620753,0.016548972276755003,0.10633272689142836,0.5950032632447532,0.8536276865587249,0.05342078343450474,0.33923188824380124,0.27645625926126904,0.2680897597075088,0.17750321883304943,0.4194509578154596,0.3194362828973958,0.4723522331661473,0.998049528133241,0.7298961948666798,0.9314440151753085,0.8778180320217092,0.15814167239193333,0.17998108210801655,0.08656497013257825,0.27825648859148144,0.6661599858325375,0.9784014110293132,0.4445586601732394,0.20085969070662923,0.6777122708049328,0.6152488742002654,0.5943205796389011,0.9372195279712524,0.07023788487801919,0.751524996344738,0.3325019010982311,0.7428461608621985,0.5735447141905272,0.44132461669352263,0.8590741525394651,0.20729750962268778,0.25527890746922444,0.4627899237028369,0.3187571857464111,0.26391587160570873,0.38371772173029606,0.24897492835721435,0.7214085597537554,0.6812258428534438,0.9388488911092985,0.419189644000729,0.9202856017971149,0.9747969132453609,0.9737596348024211,0.23083853995327275,0.9093354689835553,0.7914017786965262,0.2877441693609136,0.22794777489190465,0.0236871367645759,0.25903082430249547,0.374616345878363,0.924910497627197,0.7929774311288649,0.024719495813707804,0.6847649206929382,0.44611029550899506,0.09607647474389536,0.564495056817643,0.15195507069586245
4523,0.36470019756726946,0.34006716035540563,0.8300858853008408,switch,0.8474083712786574,0.6928459635632968,0.6970712061842413,0.20785811822074174,0.5320032476618185,0.6328522113366275,0.6254009367292526,0.05234119735778253,0.29677150885425585,0.8937493724364586,0.10769508673589356,0.019331524378671583,0.5700236941573879,0.8933079680414479,0.9403815156064019,0.9961287135650666,0.5641940008823687,0.05136381443922999,0.638305112656192,0.20411592037890325,0.7022989564596793,0.026732753184440794,0.7804067414330058,0.20086099618451658,0.9160694300333104,0.6988007282003814,0.5414960011044214,0.5502093909379487,0.25680079807092293,0.8164756403356657,0.3420165906446029,0.13480556013056266,0.4432780506858456,0.12537117430283096,0.3115791566306392,0.5905022473365003,0.18308982751241343,0.6194440236621702,0.24526732598144008,0.6531065700690801,0.656490081821802,0.7690639471455415,0.7915948102113991,0.4673581838232932,0.2458000081490075,0.04908262896674609,0.9565364516260113,0.9685371589278651,0.5764996400674105,0.45190372079583485,0.1857577383247503,0.5756895939967438,0.2942231866965478,0.23703364667246196,0.09423354860198885,0.08141523951951624,0.09786229364262145,0.5498697103064674,0.5432979499717283,0.7152075655035248,0.6349260407761866,0.7210155017754976,0.6476891415664682,0.5636724061178188,0.05977794254154234,0.9678243982981685,0.7142612158733418,0.9032053391055334,0.5213632978259086,0.33678701874656514,0.3376446142502233,0.4026462406241026,0.4498338830153995,0.2920233532419455,0.9739157892998518,0.5849645337085841,0.7677409024671471,0.5333436978181231,0.2377449866253123,0.8325046922537328,0.5448428077462704,0.5794487860515207,0.2483045383165694,0.4941333311937878,0.17935191299430364,0.6053669428393786,0.21154675563770087,0.5285340455794058,0.7815484567422162,0.8106857593717861,0.40551563875765007,0.503418240819548,0.005524440849012824,0.1893527102913194,0.016068835399896897,0.021288156820764015,0.6941495559936347,0.7128132066946364,0.9604675136279114,0.009997215535780368,0.7093322442125453,0.5262335699267128,0.09587517276469826,0.5232560826832588,0.44490468710976105,0.45076628672072483,0.9120068545256451,0.8286876896115315,0.03525736318264705,0.3870944935331797,0.9297933315582655,0.6664393147374658,0.5836866510565121,0.27700473257074765,0.9227713414862568,0.02575952295520334,0.9759060118063656,0.8372810236425685,0.9333873105145671,0.6923388627111509,0.4931061964562711,0.17890968423830522,0.27795779595534464,0.6755975540595315,0.6605781701267944,0.9656240996869899,0.06564833046190122,0.4257393618325803,0.5608732666387002,0.9315062345860816,0.7396371938397298,0.7430612764191484,0.3677182080406931,0.48973337682520157,0.20260142351522958,0.8683212205448758,0.48663326650803507,0.6930090935540234,0.7326799310122615,0.3616134428854386,0.9505278697972397,0.256142504156724,0.7424040648957049,0.08703036078961268,0.7059776833682188,0.07545069877156951,0.10466769071895998,0.7868537743944424,0.710806525783445,0.17880722830715523,0.9895661760539304,0.8304252867376378,0.6277602772847357,0.08289018654678093,0.04230491315169416,0.8773747210621525,0.9526672908416777,0.24750078868739367,0.05222049029262166,0.7127738194363854,0.4411886330193875,0.9708137756809483,0.9767641129619752,0.6608911498104574,0.553221179739867,0.8781924505383113,0.6109126416357408,0.4717213808885392,0.7351352900068866,0.4703153336929242,0.763752055724715,0.32167938918617656,0.449297629940998,0.062205157059700644,0.6604858788850771,0.029417637388237994,0.25429349995331285,0.29236184689996514,0.6494561715151733,0.1341960989577723,0.2591061689648887,0.14082273219040853,0.445595225314085,0.36701930970730234,0.3762482658610886,0.29818569003413686,0.5622529218704816,0.792905750278463,0.9567728869986559,0.6585066340097945,0.2174142558578852,0.976958500034843,0.7901469369433971,0.3584873353321225,0.4975326505912653,0.9424084786817587,0.549034496303297,0.3673004804551172,0.22518156849079807,0.007305975609451676,0.9144928911132472,0.40265285233974035,0.2917006315813023,0.2921559049774023,0.4160629653197315,0.9944540309312162,0.06548459489492742,0.05836472945902771,0.19068517076153757,0.3308490382224045,0.22798860492845074,0.4446081797372313,0.9350982027759849,0.5129727724459138,0.1486876941748967,0.7502660785123592,0.7472688139238342,0.1359209618220213,0.5958221748299259,0.6793166616417745,0.6357373812845133,0.010795717398509486,0.5672623602715973,0.566891772736456,0.18217896840352532,0.2735605831990553,0.17146944212599502,0.825697635826246,0.6881576571653677,0.21621302221000183,0.4061339072199942,0.3690993614457252,0.8475008278919179,0.5463599222614708,0.654662130729908,0.46836550381288733,0.6392888693576478,0.6489857138721918
4523,0.8957070887964608,0.8798134364598357,0.7854933701773661,cluster_swicth,0.6892049145436514,0.7536719871021426,0.7924798103231501,0.935674997115192,0.498265593458021,0.9419249501011164,0.04920660001110255,0.009367812569389011,0.021701312183771804,0.04728107799300596,0.11231879395626376,0.38060678927549985,0.18911251689065667,0.9096070470060519,0.3097836553524982,0.6183608988221863,0.6764722415071189,0.9118606655300078,0.8774536412351518,0.08217891315917336,0.8631370636771769,0.7189219561056008,0.30276336840945384,0.61498000656563,0.22206354442441067,0.6834258181843998,0.5747107746793657,0.43628185435464406,0.34191001654178954,0.1569620887604105,0.8106676667441791,0.891072429739656,0.1787645858355662,0.39666774544929306,0.6800784592642652,0.5256961493771465,0.9789200165522445,0.327628522781366,0.5596197315561834,0.6192408077385267,0.3157743394264184,0.5902496830809687,0.9426471825917002,0.4328433083486132,0.7320159055893631,0.3983546992867423,0.7902853320854746,0.245166720049672,0.3487645380559057,0.2629470389657781,0.675473029672164,0.2972877608969414,0.02271646696901064,0.20460492964403842,0.11716645566278316,0.991509554904006,0.8149568903050786,0.3075484085311768,0.7203453548511297,0.9602074861862351,0.35443553633227676,0.8320734480100755,0.5660919916071779,0.18716925795820927,0.8416117952235835,0.46776428657745694,0.553391254085563,0.81952417414495,0.7993858026159572,0.274877909923376,0.7849915891214251,0.5662384016076493,0.17431226214940743,0.20599079003758658,0.49986551435160165,0.9834017112911062,0.812069992877425,0.2442277800116638,0.5200555131641648,0.3873016526922669,0.7136046552771321,0.9051998595005044,0.18980185988235287,0.6564554423297727,0.5429151388856328,0.043997267659669936,0.404705088723018,0.6142017851322988,0.8761277041497945,0.038949622868843514,0.727086345387418,0.05002884614145786,0.14484487057040107,0.16198253338975266,0.0674620508251843,0.8490849024584577,0.7364085923200752,0.2654036814155002,0.24147509769254727,0.2669581846223458,0.21901462186703025,0.03257786222316239,0.004327928595927122,0.9578586270108722,0.7808440324694221,0.739460397224809,0.026785372774322913,0.631678231771573,0.6775685199452677,0.14261139732099948,0.7949765786785569,0.56330555645896,0.964206909300245,0.16448188216952875,0.2915435777558779,0.5713150922771821,0.18854693839239833,0.5227288288808396,0.7763077452528129,0.5617960247382019,0.25772013430412755,0.7326213515780963,0.30025042352989706,0.7653264824686761,0.9781724949800348,0.9365560716933167,0.2644325429529061,0.5531960122330711,0.6711498135017268,0.18720923173751935,0.9140041636806473,0.934077828678813,0.7846604569531814,0.2936551672838307,0.8916356167220181,0.3660637419863563,0.8913573445407708,0.9856651122541095,0.9822065375448674,0.9360926720499868,0.5716818434423224,0.7782968907967943,0.1765357967379576,0.34134822033084067,0.5078277137502849,0.27982044075463053,0.92423944922509,0.14995968797215853,0.19873952261239503,0.6148914968090294,0.24839469475263398,0.21940645481270393,0.7098347880408452,0.35919912386856445,0.8031134624764209,0.7365715728636737,0.8897727805567306,0.6924543035823769,0.7861115545682229,0.24165615681417563,0.6304675182021622,0.9198381622310399,0.8406794129333365,0.8797474277100232,0.4664126314511745,0.8547132119689453,0.4916954554326688,0.019091822661400748,0.15447362951975707,0.20569634665502456,0.3688192505434723,0.6065785729398345,0.7102863054348245,0.7154564152302122,0.37818365000110543,0.5216347407005261,0.5217686259774876,0.14976368119201833,0.4527995938465508,0.6477805913433091,0.46660921479018325,0.8459939554558366,0.26105584973860185,0.1395315774550937,0.48999231339825167,0.8528056672595905,0.975102372118924,0.9972090780094743,0.782061317094173,0.569920918516748,0.19992451098246566,0.8752263913747936,0.22413270050767198,0.33793031978480914,0.05799168199245808,0.979875545280602,0.42851710591975856,0.048114503062644975,0.6189486424487003,0.2954418946630103,0.6165540811284308,0.6420647803975902,0.586585655652902,0.22309240159425459,0.5319291127779349,0.8318440549329558,0.6134521242742452,0.2739122818432884,0.21597150551825006,0.10435340514150826,0.8495175850139031,0.21149155130416653,0.482962743720578,0.7138664707764588,0.38433523264435665,0.23483242856746533,0.7364471989356063,0.6024660970669181,0.3380735238304974,0.14085929269665398,0.7987890829966297,0.7268433700328728,0.04348214163442454,0.8731361419697476,0.21925400655196514,0.8647451849725759,0.8373817269131014,0.7805885310852962,0.9950915275805929,0.24906820862577383,0.8063500913484664,0.18458574997564225,0.20563984639172195,0.39385477011891823,0.25151279647405256,0.8621797481715995,0.09978932113336036,0.6764614460188435
4523,0.4446666924061965,0.4742875725298533,0.6226507586232688,cluster_swicth,0.43501096495316205,0.8057247496013544,0.020867471502856505,0.40572254488536574,0.25592899225355037,0.8602763770726142,0.45688630053522483,0.27962947257654347,0.7230407339929456,0.7600345357040588,0.7824182166863668,0.5684598771361985,0.004901354606318908,0.5064607382593298,0.9203181161441273,0.7532445699127485,0.27201024703550536,0.7823205735832953,0.9471594765381032,0.704600491752578,0.40930251117683836,0.9895110749486826,0.3682760352188048,0.12907871540319404,0.47048003700104646,0.7638044126684982,0.518430905021068,0.18172603691619338,0.6479595226038137,0.05313525738621383,0.7779661841969753,0.757845467485625,0.45694607292754186,0.056580796849981296,0.4535716454928729,0.6054499039538548,0.5159174297785897,0.24768503336095227,0.1984384535524233,0.1161745139483622,0.5983498773218664,0.49969067896956965,0.4540045068220756,0.7077746193901335,0.717314622774918,0.9202775007326166,0.06953957658541565,0.94600237619143,0.12451337586117095,0.8080356251804882,0.5759442255936041,0.42026255017035674,0.5838777768544174,0.04905716092851031,0.39770115876475265,0.17435035708847957,0.5492804242685375,0.8161570245747468,0.4501443172054148,0.919084259256919,0.04817265499207357,0.15759965539944187,0.3759622752412376,0.7461500716483999,0.19163687631287918,0.5246160123368121,0.8755880959570593,0.03223314129203203,0.44820178281145573,0.5471185344619871,0.1389447546496373,0.94636373539792,0.21120484992813882,0.8070727756294809,0.08808414639064832,0.4305814331478992,0.7368949819825292,0.5555114721299576,0.29853848803334526,0.47168239074292095,0.9804093817138825,0.8636715043531428,0.1565011169963536,0.8735929220675805,0.7591500664931888,0.23076155696538414,0.891828670041045,0.25304533683553965,0.48406760978704944,0.11915491146137114,0.648379919896598,0.47231680278239985,0.3312671679934117,0.8981072641832242,0.967160327813281,0.8410824122882423,0.7984296711562359,0.2725762691724801,0.3973646773282242,0.9953020276403413,0.8606756440416571,0.13241895801396275,0.11670944058365373,0.4827954803778942,0.7417164928903635,0.12819965043544512,0.298151331094474,0.5682178717713589,0.6642845382424847,0.7315123670818755,0.22969383191741244,0.2907842996114104,0.1879605367536571,0.6572883145275067,0.2759678509686925,0.6253204701477448,0.7824107808552506,0.5043457333136574,0.6392512166224945,0.934421905983481,0.5689849073357329,0.6086124808046256,0.5035434501352408,0.2790980611052366,0.2881989374041506,0.6551351189011292,0.46040292989493314,0.4069845645257989,0.626568121465239,0.24376233154311944,0.7639688055961666,0.9253888988910188,0.9942744732286758,0.6703374136370914,0.6226857201530018,0.5938308339165923,0.71386066429339,0.525627697382623,0.8781761749299074,0.49753522718939047,0.32619959408781407,0.030150530086406557,0.4788509604010345,0.32192769111831143,0.6066806280464697,0.22461691185422084,0.8486722169115227,0.12006142840835021,0.22839944307998383,0.7876042736682597,0.35694242039077817,0.5768746068946196,0.9409240012472627,0.3053286137405261,0.9204411687536407,0.5212763639744141,0.8473568996337452,0.15342784732812043,0.5815954758430447,0.620945249857909,0.7642770905126426,0.24143465402030218,0.6079797796473595,0.018034746107876698,0.3605820416774873,0.28231812797276723,0.7532914882969471,0.7293219789601822,0.7520884236326238,0.08140722749321849,0.3376295010718815,0.4152403065692293,0.42001607280909303,0.435210507872025,0.21284722194153027,0.049693300657662975,0.15293041007839558,0.981070544878802,0.634717465020795,0.7705998038696895,0.43099944132079593,0.5518354699483699,0.19938645871404426,0.508293608144242,0.546814865682381,0.45083177071304004,0.22805785336988071,0.734652319020811,0.4642708227978697,0.547493295348768,0.42297837494149615,0.5344926138817779,0.4468172521069448,0.1282277072518827,0.6799039019921226,0.3988589101014628,0.5379308618950083,0.9047435283412258,0.028507189773711583,0.4665735696917087,0.9017416453859116,0.1841489950358376,0.5314100523532458,0.8584944041737281,0.43655104254349153,0.041845729676700194,0.28181584908784363,0.8061766652777707,0.9443130916225329,0.27664354038375316,0.37162210014392416,0.3884354875303109,0.6815967085889802,0.9414721601351782,0.11598476066630248,0.512766489252019,0.8379251464561311,0.5886091550704207,0.6255091573989892,0.6428629911426257,0.11871825786563195,0.29816847566726024,0.31039879191782926,0.2242269558834974,0.34184172440492755,0.41612372014049703,0.5423946957079606,0.3440008353626075,0.49680154299351065,0.12980688667822782,0.9970151549729902,0.30934621249451333,0.6097235836629772,0.399624208187499,0.6847823068688339,0.9008896819495316,0.8882824140554415,0.6614257303795479
4523,0.8406764910290446,0.4670016952544135,0.39820850988869294,tor_switch,0.07364691858439432,0.704250877435598,0.9247349703092465,0.3790853469892378,0.526743759009341,0.7767885899985533,0.7898850212968812,0.7656598719122368,0.6865669404937527,0.6341495872459608,0.43148483318075737,0.9830478588818657,0.711067519450807,0.7298069728679868,0.48096308007898825,0.32784546971588135,0.5780136748493365,0.8219122363278061,0.5002624955006775,0.04916898027536498,0.07829885843685735,0.05934023435651559,0.289359401712421,0.3337914057135549,0.12524060761911293,0.777374014115354,0.8068179454685864,0.7165316009202018,0.38631356614987344,0.8721989008819412,0.21389915852634567,0.36330063374600574,0.6463519233402961,0.7920058431350624,0.9455657049410535,0.9867329695371599,0.12675089987790822,0.5121326936512955,0.034079727931627835,0.9120740862657908,0.2046231191076192,0.859734370230691,0.20745332364499258,0.4099046358055213,0.9269787140817901,0.4604545035864349,0.34623586564162956,0.5763509639927974,0.04037280292485845,0.8403626833225792,0.6685683476102555,0.14265436562646294,0.1872357651665707,0.3466214635278321,0.050607380119297996,0.25608410969045503,0.08254034697249546,0.9678939518985061,0.19181862971085983,0.7581949853357639,0.9141714488608024,0.9133826414224031,0.5812877888595946,0.5840490132685666,0.4011808442197612,0.27821795276584504,0.03731559099764703,0.9083544875114131,0.5248795211164577,0.8017970052857321,0.0014021496831512215,0.4895307711268245,0.5248950400795811,0.22134759385841707,0.9951785899241643,0.8609532908766404,0.6948786547358059,0.7761875172035103,0.4691470524004423,0.9355231795052065,0.7478907682293084,0.7665381650402182,0.5948182761318803,0.8793896758598264,0.25024903826022693,0.11503917997064883,0.7300232010428708,0.043221585649866,0.7354105902003175,0.2463416815804077,0.8051812465787133,0.9560656272960282,0.31246692736155934,0.4745528109812833,0.5319481719664312,0.7693953220186949,0.40833299915976684,0.5972897707396578,0.41451134952199487,0.27873706202415904,0.4461560581553935,0.8018641115536548,0.6166209067008825,0.27627388398350605,0.33715136005309176,0.8833780471487436,0.5255453245619679,0.7515527957408747,0.8078693194724543,0.04193543377010578,0.6906702136368512,0.6167428474637738,0.4697333767959636,0.8203473191190152,0.39164652149273704,0.8588488481706295,0.8575895052610755,0.03707689883407639,0.7655842905301458,0.24972702995914176,0.6946949497518167,0.6517051636549579,0.027716544099050666,0.2660306666920593,0.8482059869661716,0.5594836428623298,0.4492297961380014,0.9741504574106062,0.42389782130280074,0.9845338889957465,0.7572284836517912,0.9496662617114368,0.8349129449096753,0.38711558158757065,0.66308449257427,0.22298686477868668,0.5100672294360833,0.7079302025783197,0.15416030631186195,0.8171587912528955,0.46181960941579225,0.020377947758939863,0.7513730499474509,0.13434380562730208,0.3486653144397962,0.5234367656221838,0.7644591233182462,0.5769835259515591,0.1181936522088799,0.8290576213865045,0.09718954828545312,0.7887647308376543,0.3756924102169159,0.2058515866779046,0.3606503725287872,0.7063531960461145,0.5063379233747282,0.43214012430966176,0.7750242287086059,0.15474528290141865,0.9737699351836866,0.18686016968144792,0.6038906279411301,0.3146655095928935,0.1753866520526478,0.6787095775214882,0.2159556958609421,0.4345257675614197,0.3957618210949413,0.03912145148242274,0.8905390695056941,0.871649257104013,0.17870364903942404,0.06568233518400046,0.5173009950469988,0.5371831999469093,0.6756018476802318,0.2673353108754988,0.6285877349159454,0.5922185202733421,0.299595324328388,0.14745744481425715,0.3090485652060716,0.4052630198157733,0.5320402957200235,0.47456539172091117,0.658970918507521,0.7264636098401915,0.5569801624098818,0.22410011142246022,0.4149774262091914,0.3162364768985221,0.5126535356866625,0.20349817078285815,0.44677920145302574,0.47604513221058653,0.2501021596897153,0.43524870304704877,0.4431801626896694,0.9274170725256052,0.7209290211940785,0.13080247008857815,0.5779972878027403,0.08119938458151399,0.3279017852404138,0.703054934633234,0.2052108119219792,0.15728483929007098,0.8534595914909425,0.3088824923491731,0.05287429881777883,0.015851131521694706,0.5021845106893262,0.3638041790695383,0.2899875999381504,0.360031833894358,0.08427038394912423,0.9646748542990365,0.5105315202656961,0.11565866963584237,0.8946493817397119,0.04340552232940453,0.10403490924442715,0.3134604294082395,0.0988347714451836,0.9728051918602939,0.43451919827456786,0.3761476730245712,0.5174301787672935,0.2743692221822259,0.8171142130427562,0.6583379104966983,0.9645748257438224,0.17855519027469524,0.7251404368329167,0.9474687971893885,0.7376335905607643,0.4779868451626189
4523,0.6067664444405451,0.7923539671528507,0.6715161760484679,cluster_swicth,0.3330128066487671,0.32694184988654684,0.5516837775549756,0.34426668762595136,0.12495061281645636,0.7216315681039,0.6032670597805355,0.6800070579825094,0.21865002476295425,0.28766582359413884,0.45738557116139933,0.4095676523845475,0.5765344760517729,0.8016155320882452,0.5383965868669791,0.3032955283429478,0.37925791826243693,0.5147584158660737,0.3688703278754447,0.8879855026569414,0.8984825493870635,0.8610768935802591,0.2545268405233876,0.863750952047913,0.3251659621337536,0.130604304311976,0.8607990941714562,0.17220785611672196,0.6145331228656623,0.8189918706054062,0.1670129070229024,0.5524750316071594,0.6333977742470567,0.3410427431650279,0.7057922872602062,0.3091374363778483,0.5035122831502572,0.7315301647769904,0.5539481381376677,0.3336608196369114,0.2182699151743609,0.18993312370140492,0.0617130942132047,0.5193652177272925,0.6203148853501697,0.01848091676748298,0.4687665334574804,0.8976696553464534,0.6002304625300184,0.4485738311010443,0.039610371369960595,0.2045145982244838,0.3244676327592686,0.7699845590871532,0.30870086735861757,0.1605075440660959,0.465264779964634,0.8821708862623886,0.5395561517131781,0.9603503368060022,0.44623744924029474,0.5767972752391618,0.669578236978959,0.8260767046739291,0.8276834156858288,0.8492731370616636,0.7457998027625351,0.4088714708893063,0.38232730541628523,0.5711063852990924,0.03521641670545794,0.3897457643168195,0.48338599096157586,0.9385898459962146,0.1749457176579463,0.9756535139667406,0.4294185875266838,0.40725234384455944,0.8797382668053652,0.9422084347158165,0.7236350102272705,0.735516645156639,0.795756994316027,0.8011490927998997,0.6826294527876574,0.288421065032487,0.5540726533717208,0.11703781833861115,0.14534169928206986,0.21552483550195878,0.9426999049890572,0.14218318015827291,0.24228026310142625,0.9360175716886915,0.8479358451568563,0.42016070212915646,0.8769200444945722,0.8741219666726542,0.5688540225277235,0.32907629356278656,0.6365710023055942,0.803340131377577,0.11288184174681226,0.9946974406433403,0.39022161859370885,0.45847233712287805,0.6658541020146671,0.06701577774162981,0.5886482916306098,0.13519253707300827,0.4998578749157886,0.2780067154291702,0.6569580360160778,0.6196511716216245,0.4716608587223565,0.3356979560569736,0.38102272204055165,0.1947047528380761,0.12075082306420581,0.43542793254492096,0.1530737206003494,0.5465328950941855,0.9269866877101044,0.21176258765373446,0.9702051225267397,0.7691751452160911,0.45494922655052905,0.6404859336614206,0.5969956242535344,0.42521669423219755,0.9329301826813947,0.6631506099568273,0.3495471121338124,0.7120902350829973,0.9515497691798903,0.10875446878615913,0.10223099529494606,0.649921326272491,0.5741242202837523,0.3619665434541024,0.5406705389075133,0.7229511886335935,0.9339567793107143,0.29119020922075634,0.9997826062741024,0.24698951477824338,0.1297748721951959,0.32335427927087335,0.949523450658717,0.3403887520205746,0.18949913978820132,0.937518554536334,0.6770093525468609,0.6501545240174453,0.48407957387120293,0.31825037807405665,0.489891540287249,0.4024462755713809,0.06492062120183018,0.21292905158479525,0.7622979683581358,0.2588850907583359,0.016538134075997912,0.7888087564836793,0.0670617680825214,0.5016253760935603,0.32460277676399973,0.3703202591485074,0.7754012292009171,0.5645847363068579,0.0731258413815048,0.5753191658373944,0.5557456564053405,0.01581065864854614,0.9875951108859929,0.3766873177769362,0.7764990543444085,0.1971515393785711,0.8698876846956706,0.462290481373668,0.2582362344945962,0.11563619058313546,0.24585247028662494,0.3025169741764734,0.4801049198358768,0.41586087325318355,0.9288555876736709,0.0064377845782677134,0.13404995263565833,0.685333081838605,0.9469228443611847,0.9878418158173297,0.7678667829437805,0.5135310653872664,0.8438324893081953,0.2924452269888188,0.9037187674089736,0.6993359557587557,0.7412006803351116,0.910556485475609,0.04226876907726085,0.09889481236775377,0.0019736792960518557,0.05363225221854817,0.6217958027768666,0.14523068536190598,0.3503424168807179,0.07860204703279938,0.252572960148819,0.6558484432512541,0.2408072427781457,0.7624098542353434,0.5454740896753913,0.8107962421128999,0.882589666153509,0.8595412145112055,0.7075302710599297,0.7674662619474847,0.03748608222509564,0.5870129053100216,0.6449783642699803,0.5201912004833134,0.7076553821682681,0.319260331858886,0.5049372224329846,0.6111569431661495,0.21703077714185648,0.6742416633964425,0.21401591380994567,0.18788023133679244,0.02615713953002874,0.1773315627959785,0.13665426111084944,0.09062743442379906,0.2540268582025408,0.28144644783662776,0.5346622652759547,0.747825720553701
4523,0.45822440338763315,0.7990959662330109,0.8626150365217711,tor_switch,0.40803886895067065,0.5739386103181395,0.838945306330726,0.7886856961319407,0.9798774943317409,0.44122687636865665,0.48076683414373167,0.8870744786014298,0.09500203838766264,0.5117700878954924,0.17494872142831253,0.59945961382586,0.6594216040859696,0.8507845952596933,0.7506697687262021,0.9306218694119636,0.01371550557461243,0.7413501570511708,0.47389021987011604,0.03482619962961786,0.7820698099623635,0.9479524616421982,0.8318638479641339,0.634813920228392,0.1345757102309011,0.01687913956609155,0.3495717419325791,0.8376033094343854,0.5537389825567087,0.7067846141045283,0.5138580808871229,0.8575243222893822,0.5603848686936121,0.5351368780740731,0.6554621533002938,0.7387081215659675,0.602139285027058,0.8225744714379288,0.8624030181458535,0.11068669292088829,0.49428885672501066,0.01642108964442046,0.39501592999194113,0.035002844895066776,0.9491681898647456,0.1389374278290274,0.7761463600497738,0.23406580607408312,0.8963703188030411,0.425272973996181,0.9955012592966282,0.6111446470189952,0.044295823075650165,0.3412240576903496,0.46754921202532307,0.36701813802379135,0.5963400452560761,0.5647032976023233,0.9537438358592085,0.5357151178018793,0.823585524079777,0.18740917050492178,0.5756990671406713,0.6209349222563247,0.004694804642128569,0.520827933200721,0.5384493664866737,0.26815885163276076,0.29560099387314265,0.7513282756014352,0.7419532076588728,0.995878582269147,0.6235739953433574,0.2841955754754226,0.8982669614373657,0.876806710484973,0.8288477252587831,0.24378256275288968,0.3654794880405625,0.934385981568582,0.19924457777049132,0.4927351413991071,0.6121530763432734,0.6676409233660886,0.6970869587460844,0.9719482562675984,0.3797175216192392,0.7963091503207821,0.45384713865755966,0.8471197596968754,0.8591327903109404,0.3977446974215316,0.22208156470444118,0.8370101266462106,0.05757775518986008,0.3834136767384897,0.44877009122269396,0.5569864424230053,0.3429576304762584,0.1737023320419635,0.756428132243673,0.602893406212545,0.7074050742664086,0.6835354739919184,0.04588778497120982,0.6887164960290962,0.13458350456122936,0.6214713409617475,0.5418003779160674,0.9602060402486627,0.28229834927672837,0.32761470799468506,0.5835029608961324,0.2720750801336752,0.7903708547162143,0.9339123152677838,0.01679878036427751,0.5161092781614983,0.7445312772742486,0.4111456628586897,0.3752892862403582,0.29747451361112487,0.9244084999437213,0.08312292140082567,0.06323836301653196,0.7062239927481865,0.5495460651119023,0.16548863965640292,0.36427617216646824,0.3525900476171897,0.6862988146674194,0.054901776555311144,0.22681538333657536,0.9495489650557741,0.7343975239705636,0.12665979469269562,0.3884973942361487,0.07199841200988044,0.8072485941856712,0.18903024184092054,0.517928036172041,0.5640599725514737,0.42456466944041205,0.9751493394958842,0.2926258844515408,0.4718789937213679,0.5168498688848863,0.438850628574604,0.18559824539311942,0.3035056128187079,0.8900020807446775,0.5692761470903442,0.5787155630071165,0.12223171601854488,0.22187307222586417,0.39943821841368743,0.21593430423036164,0.05175001528640388,0.6920870614868655,0.6391087726437152,0.7857811690236988,0.4114948622998881,0.5199696382246554,0.6593255827457963,0.13204340233904732,0.0014885283784226155,0.893082589370052,0.7044156318438154,0.4947034240229473,0.015972008567909257,0.9066716050191874,0.040802043515785424,0.43820016572114706,0.6707409335049795,0.15907819143477353,0.104063589708695,0.0380406100409908,0.8813655356822572,0.30097381902244946,0.8049324574673171,0.9449882662178005,0.3453207734058876,0.0878510844736079,0.003631712914955121,0.7550007488763655,0.04289380960104949,0.47465007372330925,0.2148174911172187,0.4582724139280113,0.05580859220327983,0.17944954186578244,0.9978374198616443,0.650802209078052,0.5006553870743856,0.6286207960086844,0.20236068910089022,0.728788546457395,0.9420682340550511,0.627779539800088,0.26452220066510646,0.206852498392751,0.384485274086211,0.1936442546082271,0.985808109248246,0.6658433747740337,0.9136660578615846,0.5920038192784559,0.2545943534234456,0.42205937342963973,0.5867649885067007,0.3381669544172109,0.09824767745170138,0.3116647632963818,0.8414808486397247,0.33045641317572616,0.18177263889208883,0.4466136666124958,0.9820320369263688,0.19622536970455207,0.5185405637365094,0.6856211968757991,0.4568036632878566,0.5107822337298298,0.491421751563624,0.7207338881290987,0.21167242515960272,0.46314496683769935,0.3627865986269456,0.28263648119794094,0.8564140541403045,0.012994165291651427,0.5976371757555655,0.23209049094852274,0.723405877444121,0.7930881884881971,0.8274153034943519,0.9722607360475951,0.12117760197974659
4523,0.029187684880048637,0.2184248346417753,0.9551283362147219,tor_switch,0.1857584086954852,0.16883041463606407,0.707690444513746,0.1098631761618949,0.442965353713875,0.36617942285956073,0.8880054906132085,0.7997837225302515,0.4375104059509759,0.12637680841022514,0.5600898456110813,0.4620877582559083,0.12258148214932274,0.17477081024601315,0.5511284867175263,0.39225480409216185,0.9386834178987394,0.5710002250897324,0.44153573585980044,0.17969007580201346,0.4576391957761352,0.9740798690761023,0.27634380171027506,0.5039247001027152,0.9032769485524308,0.4187290408048262,0.49320626081711194,0.33015765789514395,0.1624518785778195,0.10751520969811335,0.8552104063200602,0.6886793735463894,0.5072050262553538,0.10256064306973478,0.6843021674706202,0.9348109937784699,0.5841894240579834,0.8485923129100771,0.510111510017084,0.6927869232579377,0.1659343069544894,0.3147086852923191,0.7510263450179087,0.249629816907739,0.5571030763048616,0.7034573230523608,0.43074933503274815,0.46873361129350744,0.7204355425204086,0.3112084049967697,0.805092840826746,0.03284647544537844,0.45379471869571086,0.5622238276195974,0.8227604402191693,0.768303282327917,0.34945890719962847,0.9708781766320993,0.5089036094131111,0.6345077733217842,0.5911042818180859,0.5923247921373836,0.4049503630227863,0.9561137677508019,0.5664857868150793,0.7902186839272483,0.02172862956799182,0.742800279175126,0.5422940365056589,0.747373066012128,0.05707884814355457,0.44175216302947107,0.09410754771938246,0.9561122845390844,0.3918286097625102,0.2865444476634088,0.16578732096340754,0.6152888026754613,0.4806364387021659,0.3379699198753995,0.10331567497881933,0.42985990107598837,0.6140433655240801,0.2626739620770041,0.12500991296174013,0.6595974933719897,0.9051958342434453,0.9455754812831697,0.08583118785352029,0.6783034939311746,0.6829365196319749,0.7612300698547372,0.3345229968943616,0.7425803685196813,0.40745660929394134,0.11751802732952521,0.3943498578528746,0.21396436160478927,0.4871193675658104,0.434862483106507,0.06910497170685148,0.44573333013817784,0.7652767073174342,0.9170538691650951,0.35400579880552696,0.5895107319366318,0.9363545481251927,0.39458919531550907,0.7594772036572637,0.6725282573691368,0.8809920153739069,0.8755502122404287,0.060770621193503405,0.4424296728525252,0.8931742013410583,0.8832532022510313,0.32357364842059333,0.8396661887642585,0.6587274417844493,0.5363904384293512,0.689061290094599,0.7068668198258495,0.9319110354372281,0.2183701269395607,0.15599226302376834,0.5899915558363433,0.5024554505483302,0.18058729107780158,0.9500696009818674,0.3381013021902488,0.45057350733001444,0.621621256990832,0.4527467268009512,0.22181493696767296,0.11734172736232484,0.18668221158814635,0.3648166673945292,0.21332284174269478,0.7603190630838512,0.39019163488459785,0.719635601132192,0.9623368842463671,0.7459606264406569,0.3037161377323908,0.47293890972558483,0.8231288796553875,0.028502183320156194,0.08103832343700246,0.8768061750330444,0.7561011698946977,0.5864820723168717,0.09016995867044753,0.8102114018210637,0.04276842377279444,0.858942526441572,0.8856464579828706,0.10915933813421963,0.7063953607442377,0.0586297315343991,0.34631582509085745,0.26911171481421714,0.5200222750431647,0.6522270691044786,0.8423977433158466,0.29567199058323546,0.6881804904803854,0.4878280622128577,0.9548388151749062,0.9801469890320132,0.7790834598606448,0.018484604150826978,0.6342913588729411,0.6769135521435805,0.5216378081497562,0.0714826753295843,0.45371881910926215,0.17977140488019672,0.796082509574524,0.5096008538193973,0.16744321240339732,0.5266349003459957,0.35029535588887384,0.4772565771796081,0.9296940843307828,0.6173124495289407,0.36758485299048405,0.7027800357810382,0.035766149903829536,0.13575484127516246,0.9589793222980894,0.4429329500043475,0.49671215422916315,0.2967951218090774,0.8286426697874322,0.4549941029791401,0.8356281568689331,0.12121849274773533,0.7362788984437528,0.3885720374021854,0.8788894988384967,0.887966806257361,0.1740359467638648,0.5937715126242595,0.01467071245583118,0.8632406284715843,0.04589324314724086,0.4590910353102058,0.6499890512010673,0.5798694584951816,0.39905415214289064,0.6768118375134871,0.6104963554607307,0.12826236381116474,0.024597990211157605,0.6163195613844175,0.947845291056317,0.14759884694530578,0.16880999183826817,0.7564680622604544,0.018005682060711514,0.16346346747538576,0.8724720091204146,0.4341811742098465,0.11666714374907572,0.27390763900324067,0.5031619298848556,0.8276615938729786,0.9341351946630505,0.8791779187213772,0.2595354171485601,0.5983233450016715,0.029230328556950513,0.3353727400126617,0.04197744017428173,0.1839532385415984,0.046581542255893504,0.03153026257463254,0.5519237185873371
4523,0.5594795840246142,0.9893480525171372,0.6557027029299829,switch,0.4617991283287851,0.3775641276029904,0.2404296932481157,0.6142289049785686,0.37952325140000953,0.25068464984896666,0.4400846335787978,0.30933877729617276,0.18794883942470242,0.9171092722220537,0.4868391318052062,0.06111570394232502,0.9777698215064736,0.28046413127417413,0.6196861579031898,0.15775222365677322,0.07063801913393253,0.8844604750462751,0.8038003982444295,0.7074187403629513,0.9713829523321303,0.3897243417193229,0.5045306159451994,0.8991313341418562,0.09144835570455967,0.6737341102099387,0.20227959430845766,0.744779030461328,0.8164252062129322,0.971838027935932,0.034715561748888124,0.028172125070682785,0.5024329786598928,0.45224830344763756,0.5755473682366917,0.5277736804529213,0.6066891305443536,0.5420627873273423,0.22484124847863518,0.8800804307259043,0.8129227946004844,0.6236020104200212,0.8655346471485132,0.1664092417415577,0.3843257508449207,0.1510623329681301,0.6460783793870467,0.7731464133805698,0.8293768608720145,0.945344338092481,0.09950028359412755,0.17087823692677317,0.7974241182106981,0.9281885629908142,0.15036205323245078,0.8087528664675385,0.6105594075566593,0.34143126740386076,0.6125511499457132,0.9483146797305783,0.6361000698740906,0.46529241023603685,0.32611938517967876,0.6745233598070277,0.9441200474521818,0.4326183570800619,0.9237028063926561,0.470884451835493,0.1569253393240606,0.6553236616765641,0.4738335920797617,0.2650758735930677,0.27285296091032696,0.13549786090335747,0.13935487215563225,0.04198192005509538,0.5235021631887412,0.5284515786596534,0.09299828872269622,0.056899893278321456,0.7436532457082866,0.12287055921936119,0.8034537556105436,0.03933113465675542,0.14281683383766408,0.09954364751964395,0.9631636891593643,0.34894903278586675,0.25422907119483307,0.1497533018176569,0.30946247353005807,0.20487313533688178,0.07846835490082171,0.12870347689197092,0.5638192030749741,0.07083841382286105,0.706261013201195,0.8028241703627467,0.12464181042283573,0.2507818010084354,0.560391695224842,0.5290880110573417,0.953513644912179,0.4128414790440623,0.24307540780190617,0.30616945849350463,0.3838894287946859,0.10100879980178878,0.019091150636666887,0.34967517983228225,0.3825995417592549,0.5842472353799244,0.6618799342876469,0.0626520156828364,0.5378438867352858,0.9178674928022267,0.9175855899371038,0.7951805416420891,0.7065968649558161,0.22157227464843288,0.9571907638976397,0.44614479948795704,0.5518027523326661,0.7058134009497646,0.2919347034165858,0.14191881972625575,0.7562132952730186,0.3078286596969553,0.3447968430328274,0.5857709573854096,0.4020903930921528,0.3291532956662917,0.8915597219054364,0.6522256164459761,0.16717170124902292,0.01993892612971382,0.3317568940148339,0.8253096533660461,0.5694994105639615,0.5481388814149691,0.43572535747198027,0.2800393895008072,0.5132125451519277,0.9645812455405118,0.6646885099689012,0.5123839026635663,0.522803806221211,0.9657915182333008,0.29336273544600755,0.4228637005530146,0.44537984516287543,0.8591115776250511,0.49975553644522885,0.8843106785349137,0.33064944522384687,0.40278007496702817,0.7744063857455636,0.21637403834208624,0.9244255601323325,0.7695815291590953,0.1151949376427519,0.885124987888152,0.07012973322518745,0.7823649259516938,0.8303257227206486,0.6173833118412488,0.4416215412688891,0.461968238332899,0.0069821291743076275,0.4310190995877179,0.21472778610742682,0.598531211640143,0.8471139616118838,0.37767688333615734,0.4169759345379842,0.6344456830316249,0.36279791724529586,0.6139414759692171,0.037702228538020965,0.586678269129614,0.8194501145235015,0.3474611539779219,0.7852564811951317,0.14253761904399675,0.3798278376465605,0.05547473689204352,0.2796145825233053,0.4818269784314214,0.6989766381378066,0.3642581438614224,0.10586117014921448,0.7745744113406263,0.6748143181084183,0.5325628882985315,0.9634494374550071,0.4915949124341027,0.7599279492704022,0.805658200742493,0.5752197771176577,0.08251672159711454,0.9626634877746156,0.8959483047724454,0.13757910860812694,0.32995277018768787,0.6803137887414442,0.8700051140956122,0.4562769627414539,0.1744031540173936,0.48689048045817274,0.6463349699377055,0.025116819926406464,0.9859578623491091,0.657018296260273,0.6230000742520422,0.6747107018499754,0.5763463510044624,0.6766977104603082,0.04134868798950864,0.38605410979290045,0.23076073355983429,0.13963410992508363,0.9359276462521978,0.43525807781216297,0.3533352881851992,0.8356852192336109,0.6156039661174288,0.8198947973594938,0.0587289873079927,0.3507780464501371,0.9549615460631224,0.595505072019177,0.0455907803775184,0.9593910546389431,0.5772405352482514,0.5293079121681951,0.37099039672998857,0.22836263514286803,0.35130014629278394
4523,0.5057823244945053,0.6535513059581474,0.8833628568296549,switch,0.5790330576547787,0.14965025804209264,0.20030830284948942,0.8062303333936406,0.2652135023244442,0.4814052971973979,0.6231095201826501,0.02145929128813351,0.38830009542408683,0.365848712891911,0.17416044045087387,0.17575530020388697,0.2940737739523803,0.38544257020932415,0.25649714107155286,0.5998601399421307,0.49018595249160923,0.16233968626267947,0.2646385703937555,0.6022710328181654,0.11038979212074684,0.6241301454549201,0.14084718707048993,0.10899618938964517,0.07251916788461066,0.7931526334569784,0.9065232654080098,0.3044073348531233,0.35085067996122565,0.9648490320032906,0.9521950325565761,0.4557020179091431,0.33648280779756656,0.05497271870840581,0.47037991940499624,0.5972303881498693,0.28344964595693,0.03486416682872695,0.504505977411271,0.1485010864200691,0.9029128534938566,0.6981095642937338,0.013162297082501384,0.7044683823125863,0.3358857040377512,0.45480920926824076,0.3685760230310908,0.983233970521079,0.5193299272066321,0.9847565903493151,0.6239312566341428,0.8074278648091388,0.34547759511950504,0.4002967644005595,0.3065560346744156,0.40631406963060346,0.8120124990518649,0.7337681046022857,0.08671992457534661,0.1264394576503608,0.17640855799860533,0.7258442213995637,0.8020808923580793,0.2943521749086093,0.6095336194753752,0.3746799479319006,0.19728895442743422,0.24530587101418488,0.8208512996235284,0.6579096973135873,0.9506012333576124,0.5143448024523466,0.30832024801364244,0.1721920678779757,0.3089582784607646,0.18821067922031864,0.5911643101199022,0.27627716229452814,0.26311963752748324,0.917245484372534,0.16861835839661166,0.8440923835850364,0.3993386111176995,0.010661940829584826,0.39491471872896855,0.12835226721592408,0.056686819194041616,0.8607869982322727,0.45124143578023534,0.3011371052269797,0.36835640797138347,0.45977999871173336,0.11427433790893249,0.5832824705439502,0.8655842174930736,0.44658779467162557,0.6986990262911539,0.0015940095594697556,0.9550492808158216,0.886028623042687,0.7449456438050617,0.14118063002441805,0.6330468461862255,0.8275880532944482,0.4322688144072576,0.9441654272647108,0.7679492684823213,0.3379254602426134,0.15295889741172308,0.5408908189235594,0.010120605187408316,0.7090619132708348,0.8260327158075987,0.6097030945081967,0.08576009209111046,0.8160624289490264,0.36651205058480785,0.08984672313532494,0.05285523534194492,0.40170070158367144,0.416913150987792,0.6881429656926296,0.834428402306469,0.3108789222040391,0.28436297087548346,0.6817674043493138,0.8765681106092734,0.5452781164085553,0.3761367862199163,0.4842199601075936,0.35397760700379466,0.41934411977274655,0.12578881796478636,0.4283857214101504,0.5244882903151031,0.7307061711164381,0.14410979321737571,0.5123025567131165,0.4783794981972026,0.8930480972160141,0.2996495474868891,0.18284293819638864,0.07200969453319983,0.7173265838179935,0.13788590686139035,0.561071964331197,0.5706368201211175,0.9808048436083378,0.6931341223274576,0.12135050428724203,0.1779821173930003,0.9711693666551886,0.882372370895213,0.14834640606577876,0.6190866596266625,0.6722631889526263,0.4076759672045879,0.18087483610111543,0.20540257997640288,0.3311253626782046,0.9566006923458311,0.17713017853372937,0.8309480525281654,0.24718684069010777,0.15671013109151444,0.6267490103034291,0.5542881384316051,0.7814531123494448,0.19343149938614257,0.4030922393788744,0.4020771886753528,0.1739189736052692,0.979176732171333,0.697357699817755,0.9110601501143719,0.6041257238344396,0.23881006541310001,0.5555796976503982,0.022851224097238942,0.09663137757207618,0.9469694476327449,0.9432918164878054,0.4882143737371981,0.07920597129496132,0.6714392837772272,0.9839803004229374,0.9825764419370007,0.2338898775747449,0.8047895211125076,0.01878466129485823,0.08281591811930411,0.6533744759658354,0.8565653786704587,0.8241559074307068,0.5118872299301831,0.8125193156661724,0.2493070570618835,0.15993306511545524,0.4129773995707766,0.4481981329667384,0.44798796103808247,0.4592460024634225,0.25539364284541777,0.7576646598552955,0.1300642171840154,0.6048318312114115,0.5305752013212951,0.7269997168276985,0.0740396086302626,0.47268274446330594,0.9367432805240562,0.6706112543227576,0.06048006641832504,0.22802402501460872,0.08890507632681499,0.6145188806418072,0.9495056881359197,0.675712791074255,0.4544137238164422,0.14648848110918222,0.46935413611454957,0.9592167444853041,0.16119835292141138,0.5715569167647037,0.8254828373729727,0.4724560255628092,0.01069373181519706,0.7647870399761911,0.9634682256325501,0.9707501154414416,0.1718452863433434,0.2573911069990703,0.7391362699765128,0.6644007993192745,0.8195171806959503,0.14412053353821763,0.6113037291104757,0.145936119012408
